               Entry              Nevents                           Time                    Temperature                         Energy                 CO*                   CO
                   1                    0         0.0000000000000000E+00         3.0000000000000000E+02         0.0000000000000000E+00                   0                    0
                   2                 1000         1.0320527086473274E-06         3.0000000000000000E+02        -1.1102230246251565E-16                   0                    0
                   3                 2000         1.9786455431775399E-06         3.0000000000000000E+02        -1.1102230246251565E-16                   0                    0
                   4                 3000         2.9211318003936438E-06         3.0000000000000000E+02        -1.1102230246251565E-16                   0                    0
                   5                 4000         3.9122230125369355E-06         3.0000000000000000E+02        -1.1102230246251565E-16                   0                    0
                   6                 5000         4.8875674532036411E-06         3.0000000000000000E+02        -8.6800000000000010E-01                   2                   -2
                   7                 6000         5.8982715626552612E-06         3.0000000000000000E+02        -1.1102230246251565E-16                   0                    0
                   8                 7000         6.9189807792927719E-06         3.0000000000000000E+02        -1.1102230246251565E-16                   0                    0
                   9                 8000         7.9060779331966970E-06         3.0000000000000000E+02        -1.1102230246251565E-16                   0                    0
                  10                 9000         8.9749955162441664E-06         3.0000000000000000E+02        -1.1102230246251565E-16                   0                    0
                  11                10000         9.9303441868838141E-06         3.0000000000000000E+02        -1.1102230246251565E-16                   0                    0
                  12                11000         1.0973366202835210E-05         3.0000000000000000E+02        -1.1102230246251565E-16                   0                    0
                  13                12000         1.1992597795216872E-05         3.0000000000000000E+02        -1.1102230246251565E-16                   0                    0
                  14                13000         1.2972623350664730E-05         3.0000000000000000E+02        -1.1102230246251565E-16                   0                    0
                  15                14000         1.4022923153057910E-05         3.0000000000000000E+02        -8.6800000000000010E-01                   2                   -2
                  16                15000         1.5054546240369006E-05         3.0000000000000000E+02        -1.1102230246251565E-16                   0                    0
                  17                16000         1.6056984027692270E-05         3.0000000000000000E+02        -1.1102230246251565E-16                   0                    0
                  18                17000         1.7070237326982066E-05         3.0000000000000000E+02        -1.1102230246251565E-16                   0                    0
                  19                18000         1.8023201169220103E-05         3.0000000000000000E+02        -1.1102230246251565E-16                   0                    0
                  20                19000         1.9027477260858982E-05         3.0000000000000000E+02        -1.1102230246251565E-16                   0                    0
                  21                20000         2.0061267993101858E-05         3.0000000000000000E+02        -1.1102230246251565E-16                   0                    0
                  22                21000         2.1085129424728590E-05         3.0000000000000000E+02        -1.1102230246251565E-16                   0                    0
                  23                22000         2.2100551371865535E-05         3.0000000000000000E+02        -1.1102230246251565E-16                   0                    0
                  24                23000         2.3067414886353630E-05         3.0000000000000000E+02        -1.1102230246251565E-16                   0                    0
                  25                24000         2.4068846808463720E-05         3.0000000000000000E+02        -1.1102230246251565E-16                   0                    0
                  26                25000         2.4976126559379895E-05         3.0000000000000000E+02        -1.1102230246251565E-16                   0                    0
                  27                26000         2.6020122449832519E-05         3.0000000000000000E+02        -1.1102230246251565E-16                   0                    0
                  28                27000         2.7019469585739596E-05         3.0000000000000000E+02        -1.1102230246251565E-16                   0                    0
                  29                28000         2.7922161817474281E-05         3.0000000000000000E+02        -1.1102230246251565E-16                   0                    0
                  30                29000         2.8961896888192213E-05         3.0000000000000000E+02        -1.1102230246251565E-16                   0                    0
                  31                30000         2.9983627907690910E-05         3.0000000000000000E+02        -1.1102230246251565E-16                   0                    0
                  32                31000         3.0971485654729233E-05         3.0000000000000000E+02        -1.1102230246251565E-16                   0                    0
                  33                32000         3.1885779168892788E-05         3.0000000000000000E+02        -1.1102230246251565E-16                   0                    0
                  34                33000         3.2872056765051413E-05         3.0000000000000000E+02        -1.1102230246251565E-16                   0                    0
                  35                34000         3.3916051914504107E-05         3.0000000000000000E+02        -1.1102230246251565E-16                   0                    0
                  36                35000         3.4909746972027764E-05         3.0000000000000000E+02        -1.1102230246251565E-16                   0                    0
                  37                36000         3.5794127017272578E-05         3.0000000000000000E+02        -1.1102230246251565E-16                   0                    0
                  38                37000         3.6815604582958301E-05         3.0000000000000000E+02        -1.1102230246251565E-16                   0                    0
                  39                38000         3.7830773824954312E-05         3.0000000000000000E+02        -1.1102230246251565E-16                   0                    0
                  40                39000         3.8833200496261526E-05         3.0000000000000000E+02        -1.1102230246251565E-16                   0                    0
                  41                40000         3.9875876323441262E-05         3.0000000000000000E+02        -1.1102230246251565E-16                   0                    0
                  42                41000         4.0943208464089040E-05         3.0000000000000000E+02        -1.1102230246251565E-16                   0                    0
                  43                42000         4.1949667960327567E-05         3.0000000000000000E+02        -1.1102230246251565E-16                   0                    0
                  44                43000         4.2973719031594454E-05         3.0000000000000000E+02        -1.1102230246251565E-16                   0                    0
                  45                44000         4.3953942866991674E-05         3.0000000000000000E+02        -1.1102230246251565E-16                   0                    0
                  46                45000         4.5002050828984028E-05         3.0000000000000000E+02        -1.1102230246251565E-16                   0                    0
                  47                46000         4.5930897985631074E-05         3.0000000000000000E+02        -8.6800000000000010E-01                   2                   -2
                  48                47000         4.6958265926074706E-05         3.0000000000000000E+02        -8.6800000000000010E-01                   2                   -2
                  49                48000         4.7926536829300239E-05         3.0000000000000000E+02        -1.1102230246251565E-16                   0                    0
                  50                49000         4.8951221053811553E-05         3.0000000000000000E+02        -1.1102230246251565E-16                   0                    0
                  51                50000         4.9890254141473781E-05         3.0000000000000000E+02        -1.1102230246251565E-16                   0                    0
                  52                51000         5.0833873974149412E-05         3.0000000000000000E+02        -1.1102230246251565E-16                   0                    0
                  53                52000         5.1795774213110276E-05         3.0000000000000000E+02        -1.1102230246251565E-16                   0                    0
                  54                53000         5.2905526914069393E-05         3.0000000000000000E+02        -1.1102230246251565E-16                   0                    0
                  55                54000         5.3861009781997598E-05         3.0000000000000000E+02        -1.1102230246251565E-16                   0                    0
                  56                55000         5.4865554665805965E-05         3.0000000000000000E+02        -1.1102230246251565E-16                   0                    0
                  57                56000         5.5847433549861901E-05         3.0000000000000000E+02        -1.1102230246251565E-16                   0                    0
                  58                57000         5.6915868356320910E-05         3.0000000000000000E+02        -1.1102230246251565E-16                   0                    0
                  59                58000         5.7955951364606597E-05         3.0000000000000000E+02        -1.1102230246251565E-16                   0                    0
                  60                59000         5.8942494297851943E-05         3.0000000000000000E+02        -1.1102230246251565E-16                   0                    0
                  61                60000         6.0022257258467393E-05         3.0000000000000000E+02        -1.1102230246251565E-16                   0                    0
                  62                61000         6.1079898827090409E-05         3.0000000000000000E+02        -1.1102230246251565E-16                   0                    0
                  63                62000         6.2058841121067051E-05         3.0000000000000000E+02        -1.1102230246251565E-16                   0                    0
                  64                63000         6.3051970794852035E-05         3.0000000000000000E+02        -1.1102230246251565E-16                   0                    0
                  65                64000         6.4065064060426455E-05         3.0000000000000000E+02        -1.1102230246251565E-16                   0                    0
                  66                65000         6.5084465004398514E-05         3.0000000000000000E+02        -1.1102230246251565E-16                   0                    0
                  67                66000         6.6101400136172822E-05         3.0000000000000000E+02        -1.1102230246251565E-16                   0                    0
                  68                67000         6.7018001013573883E-05         3.0000000000000000E+02        -1.1102230246251565E-16                   0                    0
                  69                68000         6.8047287062044851E-05         3.0000000000000000E+02        -1.1102230246251565E-16                   0                    0
                  70                69000         6.9010539653026616E-05         3.0000000000000000E+02        -1.1102230246251565E-16                   0                    0
                  71                70000         6.9955845778743581E-05         3.0000000000000000E+02        -1.1102230246251565E-16                   0                    0
                  72                71000         7.0862012972414877E-05         3.0000000000000000E+02        -1.1102230246251565E-16                   0                    0
                  73                72000         7.1878444200582802E-05         3.0000000000000000E+02        -1.1102230246251565E-16                   0                    0
                  74                73000         7.2886599697534747E-05         3.0000000000000000E+02        -1.1102230246251565E-16                   0                    0
                  75                74000         7.3834790622686513E-05         3.0000000000000000E+02        -1.1102230246251565E-16                   0                    0
                  76                75000         7.4827199347116187E-05         3.0000000000000000E+02        -1.1102230246251565E-16                   0                    0
                  77                76000         7.5794280564938184E-05         3.0000000000000000E+02        -1.1102230246251565E-16                   0                    0
                  78                77000         7.6820589744481263E-05         3.0000000000000000E+02        -1.1102230246251565E-16                   0                    0
                  79                78000         7.7744690374350006E-05         3.0000000000000000E+02        -1.1102230246251565E-16                   0                    0
                  80                79000         7.8762887762104337E-05         3.0000000000000000E+02        -1.1102230246251565E-16                   0                    0
                  81                80000         7.9832369669677943E-05         3.0000000000000000E+02        -1.1102230246251565E-16                   0                    0
                  82                81000         8.0777878299690615E-05         3.0000000000000000E+02        -1.1102230246251565E-16                   0                    0
                  83                82000         8.1797227043590352E-05         3.0000000000000000E+02        -1.1102230246251565E-16                   0                    0
                  84                83000         8.2732782472475790E-05         3.0000000000000000E+02        -1.1102230246251565E-16                   0                    0
                  85                84000         8.3778998273569585E-05         3.0000000000000000E+02        -1.1102230246251565E-16                   0                    0
                  86                85000         8.4745311319772942E-05         3.0000000000000000E+02        -1.1102230246251565E-16                   0                    0
                  87                86000         8.5812419775404579E-05         3.0000000000000000E+02        -1.1102230246251565E-16                   0                    0
                  88                87000         8.6884293101405265E-05         3.0000000000000000E+02        -1.1102230246251565E-16                   0                    0
                  89                88000         8.7830104734341484E-05         3.0000000000000000E+02        -1.1102230246251565E-16                   0                    0
                  90                89000         8.8825608902043415E-05         3.0000000000000000E+02        -1.1102230246251565E-16                   0                    0
                  91                90000         8.9786322974302139E-05         3.0000000000000000E+02        -1.1102230246251565E-16                   0                    0
                  92                91000         9.0750486140386298E-05         3.0000000000000000E+02        -1.1102230246251565E-16                   0                    0
                  93                92000         9.1667404194270354E-05         3.0000000000000000E+02        -1.1102230246251565E-16                   0                    0
                  94                93000         9.2716614348229527E-05         3.0000000000000000E+02        -1.1102230246251565E-16                   0                    0
                  95                94000         9.3721439132318920E-05         3.0000000000000000E+02        -1.1102230246251565E-16                   0                    0
                  96                95000         9.4753082282083550E-05         3.0000000000000000E+02        -1.1102230246251565E-16                   0                    0
                  97                96000         9.5737942906012568E-05         3.0000000000000000E+02        -1.1102230246251565E-16                   0                    0
                  98                97000         9.6725584445404066E-05         3.0000000000000000E+02        -1.1102230246251565E-16                   0                    0
                  99                98000         9.7694031593978414E-05         3.0000000000000000E+02        -1.1102230246251565E-16                   0                    0
                 100                99000         9.8715375389692725E-05         3.0000000000000000E+02        -1.1102230246251565E-16                   0                    0
