               Entry              Nevents                           Time                    Temperature                         Energy                 CO*                   CO
                   1                    0         0.0000000000000000E+00         3.0000000000000000E+02         0.0000000000000000E+00                   0                    0
                   2                 1000         1.2494071930870174E-09         3.0000000000000000E+02        -1.6491999999999990E+01                  38                  -38
                   3                 2000         2.5831279410050272E-09         3.0000000000000000E+02        -1.6491999999999990E+01                  38                  -38
                   4                 3000         3.8872199383445836E-09         3.0000000000000000E+02        -1.6491999999999990E+01                  38                  -38
                   5                 4000         5.1301369934067064E-09         3.0000000000000000E+02        -1.6491999999999990E+01                  38                  -38
                   6                 5000         6.3603277812481305E-09         3.0000000000000000E+02        -1.6491999999999990E+01                  38                  -38
                   7                 6000         7.7219431935272204E-09         3.0000000000000000E+02        -1.7359999999999992E+01                  40                  -40
                   8                 7000         9.0290162879877621E-09         3.0000000000000000E+02        -1.5623999999999990E+01                  36                  -36
                   9                 8000         1.0285778646907312E-08         3.0000000000000000E+02        -1.6491999999999990E+01                  38                  -38
                  10                 9000         1.1647279193755933E-08         3.0000000000000000E+02        -1.7359999999999992E+01                  40                  -40
                  11                10000         1.2858637263318904E-08         3.0000000000000000E+02        -1.6491999999999990E+01                  38                  -38
                  12                11000         1.4145076515103388E-08         3.0000000000000000E+02        -1.6491999999999990E+01                  38                  -38
                  13                12000         1.5462862738231089E-08         3.0000000000000000E+02        -1.7359999999999992E+01                  40                  -40
                  14                13000         1.6704312125096412E-08         3.0000000000000000E+02        -1.6491999999999990E+01                  38                  -38
                  15                14000         1.8099830811377021E-08         3.0000000000000000E+02        -1.6491999999999990E+01                  38                  -38
                  16                15000         1.9460132977645864E-08         3.0000000000000000E+02        -1.7359999999999992E+01                  40                  -40
                  17                16000         2.0775113443584920E-08         3.0000000000000000E+02        -1.6491999999999990E+01                  38                  -38
                  18                17000         2.2208896334989782E-08         3.0000000000000000E+02        -1.7359999999999992E+01                  40                  -40
                  19                18000         2.3468846123708689E-08         3.0000000000000000E+02        -1.6491999999999990E+01                  38                  -38
                  20                19000         2.4764359289580303E-08         3.0000000000000000E+02        -1.6491999999999990E+01                  38                  -38
                  21                20000         2.6046719908221854E-08         3.0000000000000000E+02        -1.6491999999999990E+01                  38                  -38
                  22                21000         2.7370359517405276E-08         3.0000000000000000E+02        -1.7359999999999992E+01                  40                  -40
                  23                22000         2.8604924961990773E-08         3.0000000000000000E+02        -1.7359999999999992E+01                  40                  -40
                  24                23000         2.9856047624856395E-08         3.0000000000000000E+02        -1.6491999999999990E+01                  38                  -38
                  25                24000         3.1042549245313183E-08         3.0000000000000000E+02        -1.7359999999999992E+01                  40                  -40
                  26                25000         3.2269819002768708E-08         3.0000000000000000E+02        -1.7359999999999992E+01                  40                  -40
                  27                26000         3.3588551009864046E-08         3.0000000000000000E+02        -1.7359999999999992E+01                  40                  -40
                  28                27000         3.4922377512490294E-08         3.0000000000000000E+02        -1.5623999999999990E+01                  36                  -36
                  29                28000         3.6104359341704647E-08         3.0000000000000000E+02        -1.6491999999999990E+01                  38                  -38
                  30                29000         3.7464143740138011E-08         3.0000000000000000E+02        -1.6491999999999990E+01                  38                  -38
                  31                30000         3.8837640223907116E-08         3.0000000000000000E+02        -1.7359999999999992E+01                  40                  -40
                  32                31000         4.0159491027684382E-08         3.0000000000000000E+02        -1.6491999999999990E+01                  38                  -38
                  33                32000         4.1437126046958682E-08         3.0000000000000000E+02        -1.6491999999999990E+01                  38                  -38
                  34                33000         4.2814096324509869E-08         3.0000000000000000E+02        -1.7359999999999992E+01                  40                  -40
                  35                34000         4.4101024805846467E-08         3.0000000000000000E+02        -1.7359999999999992E+01                  40                  -40
                  36                35000         4.5451963325431190E-08         3.0000000000000000E+02        -1.7359999999999992E+01                  40                  -40
                  37                36000         4.6631568350283353E-08         3.0000000000000000E+02        -1.6491999999999990E+01                  38                  -38
                  38                37000         4.7911652177911648E-08         3.0000000000000000E+02        -1.6491999999999990E+01                  38                  -38
                  39                38000         4.9208278183696263E-08         3.0000000000000000E+02        -1.7359999999999992E+01                  40                  -40
                  40                39000         5.0573826187780326E-08         3.0000000000000000E+02        -1.7359999999999992E+01                  40                  -40
                  41                40000         5.1849969679704359E-08         3.0000000000000000E+02        -1.7359999999999992E+01                  40                  -40
                  42                41000         5.3099210329466017E-08         3.0000000000000000E+02        -1.7359999999999992E+01                  40                  -40
                  43                42000         5.4429573877649441E-08         3.0000000000000000E+02        -1.6491999999999990E+01                  38                  -38
                  44                43000         5.5817063220882952E-08         3.0000000000000000E+02        -1.6491999999999990E+01                  38                  -38
                  45                44000         5.7146648128945542E-08         3.0000000000000000E+02        -1.5623999999999990E+01                  36                  -36
                  46                45000         5.8419462352794646E-08         3.0000000000000000E+02        -1.7359999999999992E+01                  40                  -40
                  47                46000         5.9744981584632087E-08         3.0000000000000000E+02        -1.6491999999999990E+01                  38                  -38
                  48                47000         6.1039946628997242E-08         3.0000000000000000E+02        -1.6491999999999990E+01                  38                  -38
                  49                48000         6.2419216632664156E-08         3.0000000000000000E+02        -1.6491999999999990E+01                  38                  -38
                  50                49000         6.3780045066161317E-08         3.0000000000000000E+02        -1.6491999999999990E+01                  38                  -38
                  51                50000         6.5088579689490539E-08         3.0000000000000000E+02        -1.6491999999999990E+01                  38                  -38
                  52                51000         6.6340181173945368E-08         3.0000000000000000E+02        -1.6491999999999990E+01                  38                  -38
                  53                52000         6.7600688219122345E-08         3.0000000000000000E+02        -1.6491999999999990E+01                  38                  -38
                  54                53000         6.9013631036405062E-08         3.0000000000000000E+02        -1.7359999999999992E+01                  40                  -40
                  55                54000         7.0219550342191171E-08         3.0000000000000000E+02        -1.6491999999999990E+01                  38                  -38
                  56                55000         7.1544915360225820E-08         3.0000000000000000E+02        -1.6491999999999990E+01                  38                  -38
                  57                56000         7.2758217758000257E-08         3.0000000000000000E+02        -1.6491999999999990E+01                  38                  -38
                  58                57000         7.4027858068512122E-08         3.0000000000000000E+02        -1.7359999999999992E+01                  40                  -40
                  59                58000         7.5467620339686955E-08         3.0000000000000000E+02        -1.6491999999999990E+01                  38                  -38
                  60                59000         7.6825233170176873E-08         3.0000000000000000E+02        -1.5623999999999990E+01                  36                  -36
                  61                60000         7.8179239290372710E-08         3.0000000000000000E+02        -1.5623999999999990E+01                  36                  -36
                  62                61000         7.9481067750639817E-08         3.0000000000000000E+02        -1.6491999999999990E+01                  38                  -38
                  63                62000         8.0767271914020655E-08         3.0000000000000000E+02        -1.6491999999999990E+01                  38                  -38
                  64                63000         8.2085335601774817E-08         3.0000000000000000E+02        -1.7359999999999992E+01                  40                  -40
                  65                64000         8.3418140557464402E-08         3.0000000000000000E+02        -1.6491999999999990E+01                  38                  -38
                  66                65000         8.4671133689901530E-08         3.0000000000000000E+02        -1.6491999999999990E+01                  38                  -38
                  67                66000         8.6065108879239342E-08         3.0000000000000000E+02        -1.6491999999999990E+01                  38                  -38
                  68                67000         8.7309387596136910E-08         3.0000000000000000E+02        -1.6491999999999990E+01                  38                  -38
                  69                68000         8.8591107465382632E-08         3.0000000000000000E+02        -1.5623999999999990E+01                  36                  -36
                  70                69000         8.9904625140611969E-08         3.0000000000000000E+02        -1.6491999999999990E+01                  38                  -38
                  71                70000         9.1123936423284210E-08         3.0000000000000000E+02        -1.7359999999999992E+01                  40                  -40
                  72                71000         9.2401174026763333E-08         3.0000000000000000E+02        -1.7359999999999992E+01                  40                  -40
                  73                72000         9.3786761673979627E-08         3.0000000000000000E+02        -1.7359999999999992E+01                  40                  -40
                  74                73000         9.5077158130593636E-08         3.0000000000000000E+02        -1.6491999999999990E+01                  38                  -38
                  75                74000         9.6350707365040267E-08         3.0000000000000000E+02        -1.6491999999999990E+01                  38                  -38
                  76                75000         9.7711260532829832E-08         3.0000000000000000E+02        -1.5623999999999990E+01                  36                  -36
                  77                76000         9.9070617339259765E-08         3.0000000000000000E+02        -1.7359999999999992E+01                  40                  -40
                  78                77000         1.0042775390354269E-07         3.0000000000000000E+02        -1.6491999999999990E+01                  38                  -38
                  79                78000         1.0170366318328028E-07         3.0000000000000000E+02        -1.7359999999999992E+01                  40                  -40
                  80                79000         1.0315039796076510E-07         3.0000000000000000E+02        -1.6491999999999990E+01                  38                  -38
                  81                80000         1.0445234712159680E-07         3.0000000000000000E+02        -1.6491999999999990E+01                  38                  -38
                  82                81000         1.0572391438345468E-07         3.0000000000000000E+02        -1.5623999999999990E+01                  36                  -36
                  83                82000         1.0701388083677042E-07         3.0000000000000000E+02        -1.6491999999999990E+01                  38                  -38
                  84                83000         1.0829779130087102E-07         3.0000000000000000E+02        -1.6491999999999990E+01                  38                  -38
                  85                84000         1.0965482103630190E-07         3.0000000000000000E+02        -1.6491999999999990E+01                  38                  -38
                  86                85000         1.1096065572339667E-07         3.0000000000000000E+02        -1.6491999999999990E+01                  38                  -38
                  87                86000         1.1223007442306163E-07         3.0000000000000000E+02        -1.6491999999999990E+01                  38                  -38
                  88                87000         1.1355315435957594E-07         3.0000000000000000E+02        -1.7359999999999992E+01                  40                  -40
                  89                88000         1.1487848969118900E-07         3.0000000000000000E+02        -1.6491999999999990E+01                  38                  -38
                  90                89000         1.1614560908918571E-07         3.0000000000000000E+02        -1.6491999999999990E+01                  38                  -38
                  91                90000         1.1742338963350760E-07         3.0000000000000000E+02        -1.6491999999999990E+01                  38                  -38
                  92                91000         1.1867305176153639E-07         3.0000000000000000E+02        -1.7359999999999992E+01                  40                  -40
                  93                92000         1.2004429218828728E-07         3.0000000000000000E+02        -1.7359999999999992E+01                  40                  -40
                  94                93000         1.2138208620551170E-07         3.0000000000000000E+02        -1.7359999999999992E+01                  40                  -40
                  95                94000         1.2262373967862224E-07         3.0000000000000000E+02        -1.6491999999999990E+01                  38                  -38
                  96                95000         1.2388016560407514E-07         3.0000000000000000E+02        -1.6491999999999990E+01                  38                  -38
                  97                96000         1.2513418813844903E-07         3.0000000000000000E+02        -1.6491999999999990E+01                  38                  -38
                  98                97000         1.2645465189382073E-07         3.0000000000000000E+02        -1.5623999999999990E+01                  36                  -36
                  99                98000         1.2776030482398761E-07         3.0000000000000000E+02        -1.6491999999999990E+01                  38                  -38
                 100                99000         1.2906806251847759E-07         3.0000000000000000E+02        -1.6491999999999990E+01                  38                  -38
