                                                         Overall                                                CO_adsorption_fwd                                                CO_adsorption_rev
configuration                    1                    0         0.0000000000000000E+00
        0.0000000000000000E+00         0.0000000000000000E+00         0.0000000000000000E+00
                             0                              0                              0
configuration                    2                 1000         1.8312617761422464E-08
        1.8312617761422463E-11         2.0101230543407634E-11         1.6516836190731940E-11
                          1000                            501                            499
configuration                    3                 2000         3.6124074380997044E-08
        1.8062037190498522E-11         1.9474980111834971E-11         1.6640591102132955E-11
                          2000                           1003                            997
configuration                    4                 3000         5.3490481832856126E-08
        1.7830160610952043E-11         1.9212095199563448E-11         1.6448226022340593E-11
                          3000                           1500                           1500
configuration                    5                 4000         7.2338744035720459E-08
        1.8084686008930114E-11         1.9469662740435339E-11         1.6698323607858580E-11
                          4000                           2001                           1999
configuration                    6                 5000         8.9373933523717466E-08
        1.7874786704743492E-11         1.9317339022148824E-11         1.6431079883682759E-11
                          5000                           2501                           2499
configuration                    7                 6000         1.0835686099442271E-07
        1.8059476832403785E-11         1.9441624948396399E-11         1.6676406977087370E-11
                          6000                           3001                           2999
configuration                    8                 7000         1.2771599576272653E-07
        1.8245142251818076E-11         1.9710204353337708E-11         1.6778404836288684E-11
                          7000                           3502                           3498
configuration                    9                 8000         1.4606775471463258E-07
        1.8258469339329073E-11         1.9632904740358146E-11         1.6882658815337416E-11
                          8000                           4002                           3998
configuration                   10                 9000         1.6444546803637021E-07
        1.8271718670707801E-11         1.9735929418989259E-11         1.6806857017448156E-11
                          9000                           4501                           4499
configuration                   11                10000         1.8225251131864478E-07
        1.8225251131864477E-11         1.9660761058259616E-11         1.6789166886634915E-11
                         10000                           5001                           4999
configuration                   12                11000         1.9894295625405076E-07
        1.8085723295822795E-11         1.9577355836559745E-11         1.6593005536794894E-11
                         11000                           5502                           5498
configuration                   13                12000         2.1668132905226282E-07
        1.8056777421021901E-11         1.9445163399953385E-11         1.6667465542804583E-11
                         12000                           6002                           5998
configuration                   14                13000         2.3423401214154555E-07
        1.8018000933965043E-11         1.9383913671459861E-11         1.6651247376071524E-11
                         13000                           6502                           6498
configuration                   15                14000         2.5310220759768786E-07
        1.8078729114120561E-11         1.9542874652458492E-11         1.6613328055812474E-11
                         14000                           7003                           6997
configuration                   16                15000         2.7107622438812366E-07
        1.8071748292541577E-11         1.9540389885746182E-11         1.6602323214891241E-11
                         15000                           7502                           7498
configuration                   17                16000         2.9011752285238494E-07
        1.8132345178274059E-11         1.9582644572393316E-11         1.6681683163978604E-11
                         16000                           8001                           7999
configuration                   18                17000         3.0966651998396182E-07
        1.8215677646115402E-11         1.9651406855181198E-11         1.6779948437049476E-11
                         17000                           8500                           8500
configuration                   19                18000         3.2660278448304374E-07
        1.8144599137946875E-11         1.9577240146030457E-11         1.6711639729816904E-11
                         18000                           9001                           8999
configuration                   20                19000         3.4439935290803215E-07
        1.8126281732001691E-11         1.9502110763505258E-11         1.6749873282080817E-11
                         19000                           9502                           9498
configuration                   21                20000         3.6276811291514609E-07
        1.8138405645757304E-11         1.9521862971517235E-11         1.6754394826368238E-11
                         20000                          10002                           9998
configuration                   22                21000         3.8040691682889822E-07
        1.8114615087090390E-11         1.9518622768369457E-11         1.6710339950304794E-11
                         21000                          10501                          10499
configuration                   23                22000         3.9794703510715309E-07
        1.8088501595779686E-11         1.9463039985560399E-11         1.6713713267206345E-11
                         22000                          11001                          10999
configuration                   24                23000         4.1542593311274890E-07
        1.8061997091858649E-11         1.9471062441404294E-11         1.6652196385950667E-11
                         23000                          11503                          11497
configuration                   25                24000         4.3345833718796092E-07
        1.8060764049498370E-11         1.9522597594038123E-11         1.6598930504958546E-11
                         24000                          12000                          12000
configuration                   26                25000         4.5041886805808285E-07
        1.8016754722323314E-11         1.9474575629833978E-11         1.6558700544805755E-11
                         25000                          12501                          12499
configuration                   27                26000         4.6958437556781292E-07
        1.8060937521838959E-11         1.9510478702354257E-11         1.6610950260024743E-11
                         26000                          13002                          12998
configuration                   28                27000         4.8622546133230207E-07
        1.8008350419714892E-11         1.9442700517948945E-11         1.6573575265887773E-11
                         27000                          13502                          13498
configuration                   29                28000         5.0374001605652287E-07
        1.7990714859161531E-11         1.9435159573449070E-11         1.6545857387418664E-11
                         28000                          14002                          13998
configuration                   30                29000         5.2108118971716970E-07
        1.7968316886798955E-11         1.9424468287259735E-11         1.6511964624016429E-11
                         29000                          14501                          14499
configuration                   31                30000         5.4001891762101473E-07
        1.8000630587367157E-11         1.9483750332061750E-11         1.6516917476101259E-11
                         30000                          15003                          14997
configuration                   32                31000         5.5794456859061054E-07
        1.7998211890019695E-11         1.9487860558255450E-11         1.6508370996650807E-11
                         31000                          15501                          15499
configuration                   33                32000         5.7645474025569399E-07
        1.8014210632990436E-11         1.9477670616434954E-11         1.6550201749133120E-11
                         32000                          16003                          15997
configuration                   34                33000         5.9425249458422489E-07
        1.8007651351037117E-11         1.9458288253233613E-11         1.6556662736656562E-11
                         33000                          16502                          16498
configuration                   35                34000         6.1149445725661213E-07
        1.7985131095782708E-11         1.9429406534367123E-11         1.6540515787698398E-11
                         34000                          17002                          16998
configuration                   36                35000         6.2833537922401691E-07
        1.7952439406400484E-11         1.9400271486466327E-11         1.6504276355462222E-11
                         35000                          17502                          17498
configuration                   37                36000         6.4453946302246907E-07
        1.7903873972846363E-11         1.9351645713110247E-11         1.6455458635453823E-11
                         36000                          18004                          17996
configuration                   38                37000         6.6170904030206648E-07
        1.7884028116272067E-11         1.9345727616054812E-11         1.6422012539183441E-11
                         37000                          18502                          18498
configuration                   39                38000         6.7974190987151285E-07
        1.7887944996618759E-11         1.9336545817012531E-11         1.6439039175525646E-11
                         38000                          19002                          18998
configuration                   40                39000         6.9757796888869365E-07
        1.7886614586889581E-11         1.9332081321138638E-11         1.6440851316229478E-11
                         39000                          19502                          19498
configuration                   41                40000         7.1480966651599599E-07
        1.7870241662899899E-11         1.9321130723831339E-11         1.6419352601968145E-11
                         40000                          20000                          20000
configuration                   42                41000         7.3331213796377210E-07
        1.7885661901555418E-11         1.9349001226130844E-11         1.6421894219856759E-11
                         41000                          20503                          20497
configuration                   43                42000         7.5166377012483361E-07
        1.7896756431543656E-11         1.9354799098804276E-11         1.6438436015417579E-11
                         42000                          21002                          20998
configuration                   44                43000         7.7033213384759458E-07
        1.7914700787153364E-11         1.9393448344892143E-11         1.6435815665103549E-11
                         43000                          21501                          21499
configuration                   45                44000         7.8862919378684001E-07
        1.7923390767882726E-11         1.9408105925956397E-11         1.6438540629568012E-11
                         44000                          22001                          21999
configuration                   46                45000         8.0647711407451647E-07
        1.7921713646100367E-11         1.9408736016948102E-11         1.6434559089611057E-11
                         45000                          22501                          22499
configuration                   47                46000         8.2391874034130755E-07
        1.7911276963941468E-11         1.9412967590633696E-11         1.6409455749777558E-11
                         46000                          23001                          22999
configuration                   48                47000         8.4171876821082727E-07
        1.7908909961932496E-11         1.9408878405931046E-11         1.6408686182425245E-11
                         47000                          23502                          23498
configuration                   49                48000         8.5936244314509749E-07
        1.7903384232189530E-11         1.9405526967290138E-11         1.6401116313311324E-11
                         48000                          24001                          23999
configuration                   50                49000         8.7795591705420266E-07
        1.7917467694983728E-11         1.9429431354799497E-11         1.6405380604524743E-11
                         49000                          24501                          24499
configuration                   51                50000         8.9501108317286786E-07
        1.7900221663457357E-11         1.9421490949361470E-11         1.6378952377552908E-11
                         50000                          25000                          25000
configuration                   52                51000         9.1230021327475299E-07
        1.7888239475975548E-11         1.9414557488618442E-11         1.6361921463332327E-11
                         51000                          25500                          25500
configuration                   53                52000         9.3015415426110143E-07
        1.7887579889636565E-11         1.9429308749125083E-11         1.6345613822845661E-11
                         52000                          26002                          25998
configuration                   54                53000         9.4968460110391710E-07
        1.7918577379319190E-11         1.9475480163177411E-11         1.6361439573529286E-11
                         53000                          26502                          26498
configuration                   55                54000         9.6640116847723401E-07
        1.7896317934763591E-11         1.9451728306013281E-11         1.6340677115277207E-11
                         54000                          27002                          26998
configuration                   56                55000         9.8356305389413106E-07
        1.7882964616256929E-11         1.9425221892049336E-11         1.6340595172219811E-11
                         55000                          27501                          27499
configuration                   57                56000         1.0007590263839995E-06
        1.7870696899714277E-11         1.9410248533539012E-11         1.6330815326617039E-11
                         56000                          28003                          27997
configuration                   58                57000         1.0190042528544801E-06
        1.7877267593938249E-11         1.9431218075346079E-11         1.6323098998910655E-11
                         57000                          28502                          28498
configuration                   59                58000         1.0372934437785764E-06
        1.7884369720320283E-11         1.9450784453741952E-11         1.6317846954570726E-11
                         58000                          29001                          28999
configuration                   60                59000         1.0550351414273175E-06
        1.7881951549615549E-11         1.9456906318183625E-11         1.6306783213379033E-11
                         59000                          29502                          29498
configuration                   61                60000         1.0731894840927509E-06
        1.7886491401545848E-11         1.9466012705326918E-11         1.6306864792834021E-11
                         60000                          30001                          29999
configuration                   62                61000         1.0910467376479373E-06
        1.7886012092589135E-11         1.9484115254826365E-11         1.6287699329307335E-11
                         61000                          30502                          30498
configuration                   63                62000         1.1101382959378290E-06
        1.7905456386094015E-11         1.9504330643111144E-11         1.6306478972571117E-11
                         62000                          31001                          30999
configuration                   64                63000         1.1276599631230427E-06
        1.7899364494016549E-11         1.9496664633107268E-11         1.6301962935824107E-11
                         63000                          31501                          31499
configuration                   65                64000         1.1456964905581488E-06
        1.7901507664971074E-11         1.9500476322373711E-11         1.6302439068904045E-11
                         64000                          32001                          31999
configuration                   66                65000         1.1633227716212727E-06
        1.7897273409558040E-11         1.9491296069642456E-11         1.6303250749473401E-11
                         65000                          32500                          32500
configuration                   67                66000         1.1818576098129478E-06
        1.7906933482014360E-11         1.9504728023691195E-11         1.6308945256533312E-11
                         66000                          33002                          32998
configuration                   68                67000         1.2003358122934036E-06
        1.7915459884976175E-11         1.9521189526877152E-11         1.6309634375757157E-11
                         67000                          33501                          33499
configuration                   69                68000         1.2173767367801098E-06
        1.7902599070295733E-11         1.9507860254839895E-11         1.6297243455845651E-11
                         68000                          34001                          33999
configuration                   70                69000         1.2353000170417132E-06
        1.7902898797705990E-11         1.9524503989087982E-11         1.6281199597500941E-11
                         69000                          34501                          34499
configuration                   71                70000         1.2522397906206809E-06
        1.7889139866009727E-11         1.9501208399439398E-11         1.6277071332579911E-11
                         70000                          35000                          35000
configuration                   72                71000         1.2700456184603349E-06
        1.7887966457187815E-11         1.9482914576065519E-11         1.6292838615720684E-11
                         71000                          35502                          35498
configuration                   73                72000         1.2874681182074319E-06
        1.7881501641769889E-11         1.9473267037322241E-11         1.6289559373569392E-11
                         72000                          36002                          35998
configuration                   74                73000         1.3051126293855571E-06
        1.7878255197062425E-11         1.9473736172357252E-11         1.6282686795757207E-11
                         73000                          36501                          36499
configuration                   75                74000         1.3220573957265126E-06
        1.7865640482790710E-11         1.9452776001480383E-11         1.6278333372607534E-11
                         74000                          37002                          36998
configuration                   76                75000         1.3401202142593828E-06
        1.7868269523458437E-11         1.9459024863096651E-11         1.6277429341272936E-11
                         75000                          37501                          37499
configuration                   77                76000         1.3583226617884023E-06
        1.7872666602478976E-11         1.9474250727762256E-11         1.6270913880519438E-11
                         76000                          38002                          37998
configuration                   78                77000         1.3758241586166671E-06
        1.7867846215800871E-11         1.9466714138620515E-11         1.6268729099341760E-11
                         77000                          38503                          38497
configuration                   79                78000         1.3933343787844849E-06
        1.7863261266467755E-11         1.9447069818709762E-11         1.6279371491191664E-11
                         78000                          39001                          38999
configuration                   80                79000         1.4112093577028651E-06
        1.7863409591175509E-11         1.9432340708593335E-11         1.6294399032196211E-11
                         79000                          39501                          39499
configuration                   81                80000         1.4291175730142586E-06
        1.7863969662678232E-11         1.9434019197165056E-11         1.6293841623752007E-11
                         80000                          40001                          39999
configuration                   82                81000         1.4460905942200308E-06
        1.7852970299012725E-11         1.9404260038082787E-11         1.6301527338574748E-11
                         81000                          40502                          40498
configuration                   83                82000         1.4634417363248355E-06
        1.7846850442985797E-11         1.9392157272383394E-11         1.6301468230928595E-11
                         82000                          41001                          40999
configuration                   84                83000         1.4807968669386787E-06
        1.7840926107694923E-11         1.9392807834822817E-11         1.6288894794396315E-11
                         83000                          41502                          41498
configuration                   85                84000         1.4997531824624205E-06
        1.7854204553124055E-11         1.9410409937464000E-11         1.6297776837848296E-11
                         84000                          42003                          41997
configuration                   86                85000         1.5174124254555258E-06
        1.7851910887712067E-11         1.9407698842212491E-11         1.6296049717938008E-11
                         85000                          42501                          42499
configuration                   87                86000         1.5352130574181460E-06
        1.7851314621141232E-11         1.9403583785128969E-11         1.6298901053305445E-11
                         86000                          43002                          42998
configuration                   88                87000         1.5523960814914430E-06
        1.7843633120591298E-11         1.9396298173993588E-11         1.6290825286826313E-11
                         87000                          43502                          43498
configuration                   89                88000         1.5698611963428246E-06
        1.7839331776623005E-11         1.9401444172586923E-11         1.6277006350807503E-11
                         88000                          44003                          43997
configuration                   90                89000         1.5875435574741944E-06
        1.7837568061507801E-11         1.9397035629519692E-11         1.6278030403490742E-11
                         89000                          44501                          44499
configuration                   91                90000         1.6048351639003446E-06
        1.7831501821114941E-11         1.9390386580331025E-11         1.6272478488205779E-11
                         90000                          45002                          44998
configuration                   92                91000         1.6228878510018809E-06
        1.7833932428592099E-11         1.9388229079407877E-11         1.6279567455542716E-11
                         91000                          45501                          45499
configuration                   93                92000         1.6414900078258547E-06
        1.7842282693759290E-11         1.9407253570435177E-11         1.6277243773392071E-11
                         92000                          46001                          45999
configuration                   94                93000         1.6609163338608270E-06
        1.7859315417858354E-11         1.9421037495238668E-11         1.6297593340477930E-11
                         93000                          46500                          46500
configuration                   95                94000         1.6785878190624059E-06
        1.7857317224068147E-11         1.9433563417966275E-11         1.6281003954436645E-11
                         94000                          47001                          46999
configuration                   96                95000         1.6962687565221119E-06
        1.7855460594969598E-11         1.9428869445128552E-11         1.6281919241644118E-11
                         95000                          47502                          47498
configuration                   97                96000         1.7131974540988240E-06
        1.7845806813529416E-11         1.9426047042328496E-11         1.6265434892557404E-11
                         96000                          48002                          47998
configuration                   98                97000         1.7310838624373603E-06
        1.7846225385952167E-11         1.9420791935499310E-11         1.6271464032617199E-11
                         97000                          48503                          48497
configuration                   99                98000         1.7489475744007168E-06
        1.7846403820415477E-11         1.9421045717403769E-11         1.6271633375984654E-11
                         98000                          49002                          48998
configuration                  100                99000         1.7671394300985253E-06
        1.7849893233318436E-11         1.9414931228264391E-11         1.6284855238372465E-11
                         99000                          49500                          49500
