                                                         Overall                                                CO_adsorption_fwd                                                CO_adsorption_rev
configuration                    1                    0         0.0000000000000000E+00
        0.0000000000000000E+00         0.0000000000000000E+00         0.0000000000000000E+00
                             0                              0                              0
configuration                    2                 1000         1.2666401573530578E-07
        1.2666401573530579E-10         1.9581024289319202E-10         5.7517788577419470E-11
                          1000                            500                            500
configuration                    3                 2000         2.6034051877673698E-07
        1.3017025938836849E-10         2.0067010915893600E-10         5.9670409617800994E-11
                          2000                           1000                           1000
configuration                    4                 3000         3.8232104734616901E-07
        1.2744034911538967E-10         1.9515144345621682E-10         5.9638913087649893E-11
                          3000                           1501                           1499
configuration                    5                 4000         5.1329450897278209E-07
        1.2832362724319553E-10         1.9663214010958907E-10         6.0015114376801953E-11
                          4000                           2000                           2000
configuration                    6                 5000         6.4776905453973124E-07
        1.2955381090794624E-10         1.9869830333179068E-10         6.0409318484101814E-11
                          5000                           2500                           2500
configuration                    7                 6000         7.8939253381603348E-07
        1.3156542230267223E-10         2.0102352417382910E-10         6.2107320431515203E-11
                          6000                           3000                           3000
configuration                    8                 7000         9.1854259443232721E-07
        1.3122037063318960E-10         2.0025287840676315E-10         6.2187862859615541E-11
                          7000                           3500                           3500
configuration                    9                 8000         1.0481650900321673E-06
        1.3102063625402092E-10         1.9966605383662765E-10         6.2375218671413418E-11
                          8000                           4000                           4000
configuration                   10                 9000         1.1848149751942751E-06
        1.3164610835491945E-10         2.0089056841092010E-10         6.2401648298917464E-11
                          9000                           4500                           4500
configuration                   11                10000         1.3058790789509704E-06
        1.3058790789509705E-10         1.9901564153545822E-10         6.2160174254734501E-11
                         10000                           5000                           5000
configuration                   12                11000         1.4390264851888769E-06
        1.3082058956262516E-10         1.9928651100555372E-10         6.2329766893492968E-11
                         11000                           5501                           5499
configuration                   13                12000         1.5705658682715538E-06
        1.3088048902262947E-10         1.9933195984280039E-10         6.2406197242024093E-11
                         12000                           6001                           5999
configuration                   14                13000         1.7003310688007213E-06
        1.3079469760005549E-10         1.9927932910127648E-10         6.2288990662150724E-11
                         13000                           6501                           6499
configuration                   15                14000         1.8268550903271472E-06
        1.3048964930908193E-10         1.9883325723463959E-10         6.2146041383523799E-11
                         14000                           7000                           7000
configuration                   16                15000         1.9607007449582457E-06
        1.3071338299721638E-10         1.9907009520875381E-10         6.2356670785678411E-11
                         15000                           7500                           7500
configuration                   17                16000         2.0955066434084153E-06
        1.3096916521302596E-10         1.9923965239371464E-10         6.2698678032337114E-11
                         16000                           8000                           8000
configuration                   18                17000         2.2405043970945400E-06
        1.3179437629967883E-10         2.0042366891817127E-10         6.3165083681186296E-11
                         17000                           8500                           8500
configuration                   19                18000         2.3673288976370224E-06
        1.3151827209094570E-10         1.9977943258444078E-10         6.3241940765026056E-11
                         18000                           9001                           8999
configuration                   20                19000         2.5003102974980278E-06
        1.3159527881568566E-10         1.9993267037753739E-10         6.3257887253833578E-11
                         19000                           9500                           9500
configuration                   21                20000         2.6350433683729583E-06
        1.3175216841864792E-10         2.0025553294373232E-10         6.3248803893563629E-11
                         20000                          10000                          10000
configuration                   22                21000         2.7629544677714392E-06
        1.3156926037006854E-10         2.0016012882848816E-10         6.2965325739926577E-11
                         21000                          10501                          10499
configuration                   23                22000         2.8857806167072170E-06
        1.3117184621396440E-10         1.9949180156468800E-10         6.2851890863241539E-11
                         22000                          11000                          11000
configuration                   24                23000         3.0126706452053378E-06
        1.3098568022631904E-10         1.9901560276982089E-10         6.2943925363043382E-11
                         23000                          11501                          11499
configuration                   25                24000         3.1296624112725405E-06
        1.3040260046968919E-10         1.9799924390813492E-10         6.2794689985083959E-11
                         24000                          12001                          11999
configuration                   26                25000         3.2477541331448050E-06
        1.2991016532579220E-10         1.9709591185564449E-10         6.2713668216449559E-11
                         25000                          12501                          12499
configuration                   27                26000         3.3747443256815348E-06
        1.2979785868005904E-10         1.9689551948129229E-10         6.2700197878826311E-11
                         26000                          13000                          13000
configuration                   28                27000         3.5084235578723338E-06
        1.2994161325453088E-10         1.9704929649366303E-10         6.2833930015399284E-11
                         27000                          13500                          13500
configuration                   29                28000         3.6329062055483648E-06
        1.2974665019815588E-10         1.9681750608797792E-10         6.2675794308333912E-11
                         28000                          14000                          14000
configuration                   30                29000         3.7603999262512731E-06
        1.2966896297418184E-10         1.9675443456163150E-10         6.2583491386732603E-11
                         29000                          14500                          14500
configuration                   31                30000         3.8891115203206054E-06
        1.2963705067735351E-10         1.9671074435544212E-10         6.2554413243858184E-11
                         30000                          15001                          14999
configuration                   32                31000         4.0293963058625001E-06
        1.2998052599556451E-10         1.9734693170265918E-10         6.2614120288470428E-11
                         31000                          15500                          15500
configuration                   33                32000         4.1513664604823688E-06
        1.2973020189007403E-10         1.9673314240315754E-10         6.2727261376990461E-11
                         32000                          16000                          16000
configuration                   34                33000         4.2788234148593632E-06
        1.2966131560179888E-10         1.9658424246782248E-10         6.2738388735774862E-11
                         33000                          16500                          16500
configuration                   35                34000         4.4119119428524984E-06
        1.2976211596624995E-10         1.9681512073555348E-10         6.2709111196945571E-11
                         34000                          17000                          17000
configuration                   36                35000         4.5465226090667536E-06
        1.2990064597333582E-10         1.9710340875364617E-10         6.2697883193024509E-11
                         35000                          17500                          17500
configuration                   37                36000         4.6606095960015683E-06
        1.2946137766671023E-10         1.9642263965183105E-10         6.2500115681588526E-11
                         36000                          18000                          18000
configuration                   38                37000         4.7875546356531475E-06
        1.2939336853116616E-10         1.9633934793607029E-10         6.2447389126260823E-11
                         37000                          18500                          18500
configuration                   39                38000         4.9152336939120649E-06
        1.2934825510294907E-10         1.9628430467362588E-10         6.2412205532270633E-11
                         38000                          19000                          19000
configuration                   40                39000         5.0484463445715399E-06
        1.2944734216850101E-10         1.9629416215757182E-10         6.2593665743714861E-11
                         39000                          19501                          19499
configuration                   41                40000         5.1825422262904616E-06
        1.2956355565726154E-10         1.9649069415785606E-10         6.2636417156665238E-11
                         40000                          20000                          20000
configuration                   42                41000         5.3205183742202812E-06
        1.2976874083464101E-10         1.9676792674492705E-10         6.2763018099541243E-11
                         41000                          20501                          20499
configuration                   43                42000         5.4421753845406025E-06
        1.2957560439382387E-10         1.9636526717625591E-10         6.2785941611389870E-11
                         42000                          21000                          21000
configuration                   44                43000         5.5735443997639940E-06
        1.2961731162241846E-10         1.9636500280375559E-10         6.2869620441079675E-11
                         43000                          21500                          21500
configuration                   45                44000         5.6960038522469492E-06
        1.2945463300561248E-10         1.9611581933059986E-10         6.2793446680623501E-11
                         44000                          22000                          22000
configuration                   46                45000         5.8329117642824503E-06
        1.2962026142849890E-10         1.9638011607643840E-10         6.2854472307500985E-11
                         45000                          22501                          22499
configuration                   47                46000         5.9556215794981721E-06
        1.2947003433691679E-10         1.9611945190221015E-10         6.2820616771621672E-11
                         46000                          23000                          23000
configuration                   48                47000         6.0854217413692473E-06
        1.2947705832700525E-10         1.9604217837957011E-10         6.2906272916759373E-11
                         47000                          23501                          23499
configuration                   49                48000         6.2204354677418143E-06
        1.2959240557795446E-10         1.9627723759768485E-10         6.2907573558222119E-11
                         48000                          24000                          24000
configuration                   50                49000         6.3534809111775992E-06
        1.2966287573831836E-10         1.9641501686038721E-10         6.2910734616247607E-11
                         49000                          24500                          24500
configuration                   51                50000         6.4817187047666032E-06
        1.2963437409533208E-10         1.9636106666827923E-10         6.2907681522383147E-11
                         50000                          25000                          25000
configuration                   52                51000         6.6140245015177510E-06
        1.2968675493172060E-10         1.9647864068774649E-10         6.2889630390975752E-11
                         51000                          25501                          25499
configuration                   53                52000         6.7375348019624046E-06
        1.2956797696081549E-10         1.9630053664430924E-10         6.2835417277319781E-11
                         52000                          26000                          26000
configuration                   54                53000         6.8749128205872619E-06
        1.2971533623749551E-10         1.9660995545388208E-10         6.2815668180077868E-11
                         53000                          26501                          26499
configuration                   55                54000         6.9973225430848617E-06
        1.2958004709416411E-10         1.9637691122344119E-10         6.2783182964885638E-11
                         54000                          27000                          27000
configuration                   56                55000         7.1202031319351062E-06
        1.2945823876245648E-10         1.9610337428696441E-10         6.2813103237947501E-11
                         55000                          27500                          27500
configuration                   57                56000         7.2489125245008746E-06
        1.2944486650894420E-10         1.9601646095359559E-10         6.2873272064291954E-11
                         56000                          28000                          28000
configuration                   58                57000         7.3856933886316473E-06
        1.2957356822160785E-10         1.9616515173386529E-10         6.2981984709349478E-11
                         57000                          28500                          28500
configuration                   59                58000         7.5260091097197242E-06
        1.2975877775378835E-10         1.9648171055992129E-10         6.3035844947654546E-11
                         58000                          29000                          29000
configuration                   60                59000         7.6644181981875746E-06
        1.2990539318961990E-10         1.9678298806986462E-10         6.3027798309374373E-11
                         59000                          29500                          29500
configuration                   61                60000         7.8045642231777415E-06
        1.3007607038629570E-10         1.9711230165309090E-10         6.3035369888440890E-11
                         60000                          30001                          29999
configuration                   62                61000         7.9361740008842660E-06
        1.3010121312925027E-10         1.9712789836583077E-10         6.3070132556085163E-11
                         61000                          30501                          30499
configuration                   63                62000         8.0719205847079492E-06
        1.3019226749528950E-10         1.9727176739173919E-10         6.3108439749560452E-11
                         62000                          31001                          30999
configuration                   64                63000         8.1984313305875089E-06
        1.3013383064424618E-10         1.9714008607223584E-10         6.3127575216255484E-11
                         63000                          31500                          31500
configuration                   65                64000         8.3239708730334298E-06
        1.3006204489114735E-10         1.9711663577216239E-10         6.3007454010131400E-11
                         64000                          32000                          32000
configuration                   66                65000         8.4530935979859548E-06
        1.3004759381516853E-10         1.9707627455560157E-10         6.3018913074734520E-11
                         65000                          32500                          32500
configuration                   67                66000         8.5934856730508813E-06
        1.3020432837955879E-10         1.9727720407508466E-10         6.3127387538076778E-11
                         66000                          33001                          32999
configuration                   68                67000         8.7214502613807753E-06
        1.3017089942359367E-10         1.9727502908165884E-10         6.3066769765528228E-11
                         67000                          33500                          33500
configuration                   69                68000         8.8515164761778235E-06
        1.3016935994379152E-10         1.9731345632066248E-10         6.3025263566920447E-11
                         68000                          34000                          34000
configuration                   70                69000         8.9746246986433656E-06
        1.3006702461801979E-10         1.9714118536642212E-10         6.2992863869617471E-11
                         69000                          34500                          34500
configuration                   71                70000         9.1023585813430770E-06
        1.3003369401918681E-10         1.9704648422970001E-10         6.3020903808673277E-11
                         70000                          35000                          35000
configuration                   72                71000         9.2301455081363234E-06
        1.3000204941037074E-10         1.9701521864581441E-10         6.2988880174926631E-11
                         71000                          35500                          35500
configuration                   73                72000         9.3572416238422013E-06
        1.2996168922003058E-10         1.9690472812891165E-10         6.3018650311149030E-11
                         72000                          36000                          36000
configuration                   74                73000         9.4819611972092703E-06
        1.2988987941382563E-10         1.9678942642767822E-10         6.2990332399972773E-11
                         73000                          36500                          36500
configuration                   75                74000         9.6070159502990900E-06
        1.2982453986890661E-10         1.9668096353013476E-10         6.2964502249265471E-11
                         74000                          37001                          36999
configuration                   76                75000         9.7449039951115981E-06
        1.2993205326815464E-10         1.9686535932853554E-10         6.2998747207773510E-11
                         75000                          37500                          37500
configuration                   77                76000         9.8794626355717482E-06
        1.2999292941541774E-10         1.9696588141433344E-10         6.3019977416501839E-11
                         76000                          38000                          38000
configuration                   78                77000         1.0014840505076689E-05
        1.3006286370229466E-10         1.9711904375247693E-10         6.3003200123705960E-11
                         77000                          38501                          38499
configuration                   79                78000         1.0149462627308628E-05
        1.3012131573472599E-10         1.9726712942378600E-10         6.2975502045665346E-11
                         78000                          39000                          39000
configuration                   80                79000         1.0283595008216683E-05
        1.3017208871160357E-10         1.9734745051479284E-10         6.2996726908413793E-11
                         79000                          39500                          39500
configuration                   81                80000         1.0415533915457338E-05
        1.3019417394321672E-10         1.9737420267117685E-10         6.3010786129842669E-11
                         80000                          40001                          39999
configuration                   82                81000         1.0540587534446581E-05
        1.3013071030180965E-10         1.9719858614559976E-10         6.3062834458019425E-11
                         81000                          40500                          40500
configuration                   83                82000         1.0667755846921859E-05
        1.3009458349904706E-10         1.9714005569836237E-10         6.3049111299731882E-11
                         82000                          41000                          41000
configuration                   84                83000         1.0789553123671768E-05
        1.2999461594785263E-10         1.9699062764879618E-10         6.2998604246909119E-11
                         83000                          41500                          41500
configuration                   85                84000         1.0919424346069749E-05
        1.2999314697702082E-10         1.9696438027911049E-10         6.3018724492650451E-11
                         84000                          42001                          41999
configuration                   86                85000         1.1050330466112168E-05
        1.3000388783661375E-10         1.9702202687807900E-10         6.2982594926161197E-11
                         85000                          42501                          42499
configuration                   87                86000         1.1175595014998228E-05
        1.2994877924416544E-10         1.9694541512573561E-10         6.2949027167526615E-11
                         86000                          43001                          42999
configuration                   88                87000         1.1303610131372095E-05
        1.2992655323416201E-10         1.9686723717897807E-10         6.2985869289345911E-11
                         87000                          43500                          43500
configuration                   89                88000         1.1426388324589997E-05
        1.2984532187034086E-10         1.9673956145051493E-10         6.2951082290166497E-11
                         88000                          44000                          44000
configuration                   90                89000         1.1557288918610134E-05
        1.2985717886078802E-10         1.9677836251445851E-10         6.2935995207117404E-11
                         89000                          44500                          44500
configuration                   91                90000         1.1681706318379773E-05
        1.2979673687088636E-10         1.9667454573178855E-10         6.2918928009983762E-11
                         90000                          45000                          45000
configuration                   92                91000         1.1808160669377118E-05
        1.2976000735579249E-10         1.9660547506912817E-10         6.2914539642456456E-11
                         91000                          45500                          45500
configuration                   93                92000         1.1936804715829970E-05
        1.2974787734597793E-10         1.9655763820497389E-10         6.2938116486982038E-11
                         92000                          46000                          46000
configuration                   94                93000         1.2072121444314333E-05
        1.2980775746574552E-10         1.9663596593047282E-10         6.2979549001018469E-11
                         93000                          46500                          46500
configuration                   95                94000         1.2206741555577416E-05
        1.2985895271890869E-10         1.9674095165679394E-10         6.2976953781023809E-11
                         94000                          47000                          47000
configuration                   96                95000         1.2338406894503211E-05
        1.2987796731056012E-10         1.9670815700888718E-10         6.3044963650268094E-11
                         95000                          47501                          47499
configuration                   97                96000         1.2473928071696027E-05
        1.2993675074683363E-10         1.9682961924434729E-10         6.3043882249320949E-11
                         96000                          48000                          48000
configuration                   98                97000         1.2600519159523661E-05
        1.2990225937653259E-10         1.9678618683134374E-10         6.3015573764752351E-11
                         97000                          48501                          48499
configuration                   99                98000         1.2729596568403257E-05
        1.2989384253472712E-10         1.9678116765485423E-10         6.3006517414601415E-11
                         98000                          49000                          49000
configuration                  100                99000         1.2854575667827054E-05
        1.2984419866491975E-10         1.9671448720103345E-10         6.2973910128807413E-11
                         99000                          49500                          49500
