                                                         Overall                                                CO_adsorption_fwd                                                CO_adsorption_rev
configuration                    1                    0         0.0000000000000000E+00
        0.0000000000000000E+00         0.0000000000000000E+00         0.0000000000000000E+00
                             0                              0                              0
configuration                    2                 1000         1.5700487842591711E-09
        1.5700487842591711E-12         1.5546723732595632E-12         1.5865736408936055E-12
                          1000                            518                            482
configuration                    3                 2000         3.1732112224512820E-09
        1.5866056112256410E-12         1.5570511994077130E-12         1.6171211421270813E-12
                          2000                           1016                            984
configuration                    4                 3000         4.7571265165350896E-09
        1.5857088388450299E-12         1.5375158070552525E-12         1.6350067681943829E-12
                          3000                           1517                           1483
configuration                    5                 4000         6.3258510904084855E-09
        1.5814627726021213E-12         1.5370906173021173E-12         1.6266408802688230E-12
                          4000                           2018                           1982
configuration                    6                 5000         7.8761808752836798E-09
        1.5752361750567359E-12         1.5387489491296611E-12         1.6122230246976720E-12
                          5000                           2517                           2483
configuration                    7                 6000         9.5255904531482772E-09
        1.5875984088580463E-12         1.5453272276979080E-12         1.6302944260097442E-12
                          6000                           3015                           2985
configuration                    8                 7000         1.1108074525532736E-08
        1.5868677893618194E-12         1.5485942982010024E-12         1.6254707510347833E-12
                          7000                           3515                           3485
configuration                    9                 8000         1.2653923377550144E-08
        1.5817404221937679E-12         1.5516555689479447E-12         1.6120366090800498E-12
                          8000                           4014                           3986
configuration                   10                 9000         1.4275852496780093E-08
        1.5862058329755658E-12         1.5490486305301271E-12         1.6236448433360398E-12
                          9000                           4517                           4483
configuration                   11                10000         1.5836119429077167E-08
        1.5836119429077167E-12         1.5346900658701717E-12         1.6328282344509945E-12
                         10000                           5015                           4985
configuration                   12                11000         1.7334846547364165E-08
        1.5758951406694695E-12         1.5311772976881877E-12         1.6208902783181402E-12
                         11000                           5517                           5483
configuration                   13                12000         1.8882132741723560E-08
        1.5735110618102966E-12         1.5288366484744500E-12         1.6184094070425562E-12
                         12000                           6015                           5985
configuration                   14                13000         2.0382601340437179E-08
        1.5678924108028599E-12         1.5132462883790774E-12         1.6228082241454457E-12
                         13000                           6516                           6484
configuration                   15                14000         2.1922376243881505E-08
        1.5658840174201075E-12         1.5160682227657222E-12         1.6159423635592684E-12
                         14000                           7017                           6983
configuration                   16                15000         2.3509346200656269E-08
        1.5672897467104180E-12         1.5128477727430168E-12         1.6219790849855571E-12
                         15000                           7517                           7483
configuration                   17                16000         2.5161969371802218E-08
        1.5726230857376386E-12         1.5168616414613005E-12         1.6285940282391800E-12
                         16000                           8015                           7985
configuration                   18                17000         2.6846190895847951E-08
        1.5791876997557617E-12         1.5210709210419919E-12         1.6375511424678402E-12
                         17000                           8518                           8482
configuration                   19                18000         2.8301019140736343E-08
        1.5722788411520191E-12         1.5141335501413382E-12         1.6306182733680744E-12
                         18000                           9015                           8985
configuration                   20                19000         2.9867799466841195E-08
        1.5719894456232207E-12         1.5174871387149983E-12         1.6266756489697635E-12
                         19000                           9516                           9484
configuration                   21                20000         3.1457690032026451E-08
        1.5728845016013225E-12         1.5199463212754857E-12         1.6260029782440045E-12
                         20000                          10017                           9983
configuration                   22                21000         3.3048003229031432E-08
        1.5737144394776872E-12         1.5207112072594521E-12         1.6268794518781985E-12
                         21000                          10516                          10484
configuration                   23                22000         3.4555757704551114E-08
        1.5707162592977779E-12         1.5185071753672916E-12         1.6230964893784656E-12
                         22000                          11018                          10982
configuration                   24                23000         3.5999301075622251E-08
        1.5651870032879240E-12         1.5118385841353384E-12         1.6186747739924994E-12
                         23000                          11515                          11485
configuration                   25                24000         3.7510430171940298E-08
        1.5629345904975124E-12         1.5130591397810674E-12         1.6129515554695141E-12
                         24000                          12017                          11983
configuration                   26                25000         3.8963729878637732E-08
        1.5585491951455092E-12         1.5085571099401108E-12         1.6086934876450174E-12
                         25000                          12519                          12481
configuration                   27                26000         4.0579376468599838E-08
        1.5607452487923014E-12         1.5099206612877433E-12         1.6117029361948148E-12
                         26000                          13017                          12983
configuration                   28                27000         4.2121218854468243E-08
        1.5600451427580830E-12         1.5095208999449282E-12         1.6106967922504348E-12
                         27000                          13517                          13483
configuration                   29                28000         4.3588342131616978E-08
        1.5567265047006063E-12         1.5070602661077587E-12         1.6065063960133363E-12
                         28000                          14016                          13984
configuration                   30                29000         4.5173756592259346E-08
        1.5577157445606672E-12         1.5086181417143390E-12         1.6069286079536171E-12
                         29000                          14517                          14483
configuration                   31                30000         4.6851678434607468E-08
        1.5617226144869155E-12         1.5110634523323494E-12         1.6125035047043287E-12
                         30000                          15018                          14982
configuration                   32                31000         4.8290196418336987E-08
        1.5577482715592575E-12         1.5069254455829176E-12         1.6086564202885748E-12
                         31000                          15513                          15487
configuration                   33                32000         4.9812864778371769E-08
        1.5566520243241177E-12         1.5066064753252831E-12         1.6067977646122351E-12
                         32000                          16016                          15984
configuration                   34                33000         5.1341449288642316E-08
        1.5558014935952217E-12         1.5068800029727330E-12         1.6048238961075981E-12
                         33000                          16517                          16483
configuration                   35                34000         5.2957173385612842E-08
        1.5575639231062600E-12         1.5099505256125389E-12         1.6052670302513965E-12
                         34000                          17016                          16984
configuration                   36                35000         5.4459958843423362E-08
        1.5559988240978103E-12         1.5078311734102890E-12         1.6042656645476383E-12
                         35000                          17518                          17482
configuration                   37                36000         5.5910498217009579E-08
        1.5530693949169327E-12         1.5058769798407362E-12         1.6003405296179382E-12
                         36000                          18015                          17985
configuration                   38                37000         5.7478411237717608E-08
        1.5534705739923678E-12         1.5056124209252462E-12         1.6014115803865844E-12
                         37000                          18516                          18484
configuration                   39                38000         5.9040344359513706E-08
        1.5536932726187818E-12         1.5046321649588100E-12         1.6028474263158195E-12
                         38000                          19018                          18982
configuration                   40                39000         6.0551981581520248E-08
        1.5526149123466731E-12         1.5052591871533927E-12         1.6000581442695854E-12
                         39000                          19518                          19482
configuration                   41                40000         6.2122282510783998E-08
        1.5530570627695999E-12         1.5060290377026975E-12         1.6001698145356381E-12
                         40000                          20018                          19982
configuration                   42                41000         6.3753891587976501E-08
        1.5549729655604025E-12         1.5068495442627023E-12         1.6031715650206284E-12
                         41000                          20516                          20484
configuration                   43                42000         6.5333850461572016E-08
        1.5555678681326670E-12         1.5090257012999945E-12         1.6021810104389514E-12
                         42000                          21016                          20984
configuration                   44                43000         6.6902384349970538E-08
        1.5558694034876869E-12         1.5097978748388014E-12         1.6020052628723917E-12
                         43000                          21515                          21485
configuration                   45                44000         6.8406603177937959E-08
        1.5546955267713173E-12         1.5079325408337645E-12         1.6015265811017743E-12
                         44000                          22016                          21984
configuration                   46                45000         7.0065353906447526E-08
        1.5570078645877229E-12         1.5094494335973078E-12         1.6046255162517700E-12
                         45000                          22514                          22486
configuration                   47                46000         7.1505110671859711E-08
        1.5544589276491241E-12         1.5060369402252679E-12         1.6029483316931103E-12
                         46000                          23016                          22984
configuration                   48                47000         7.3044822697900971E-08
        1.5541451637851271E-12         1.5061758498809680E-12         1.6021839303432156E-12
                         47000                          23517                          23483
configuration                   49                48000         7.4639695292427012E-08
        1.5549936519255627E-12         1.5058693280947151E-12         1.6041794195635544E-12
                         48000                          24015                          23985
configuration                   50                49000         7.6249483922708805E-08
        1.5561119167899756E-12         1.5077997431544026E-12         1.6044872332762173E-12
                         49000                          24516                          24484
configuration                   51                50000         7.7725795855689903E-08
        1.5545159171137982E-12         1.5053026182140940E-12         1.6037961916434134E-12
                         50000                          25017                          24983
configuration                   52                51000         7.9167027979472612E-08
        1.5522946662641689E-12         1.5043780146587949E-12         1.6002790126916639E-12
                         51000                          25518                          25482
configuration                   53                52000         8.0683140629945484E-08
        1.5515988582681825E-12         1.5029013532925302E-12         1.6003563355405761E-12
                         52000                          26016                          25984
configuration                   54                53000         8.2280787616701768E-08
        1.5524676908811654E-12         1.5036685716178291E-12         1.6013257729830317E-12
                         53000                          26516                          26484
configuration                   55                54000         8.3688995822689668E-08
        1.5497962189386975E-12         1.5001796213215972E-12         1.5994716562801913E-12
                         54000                          27016                          26984
configuration                   56                55000         8.5196731240801404E-08
        1.5490314771054802E-12         1.5007280017955509E-12         1.5973911928174340E-12
                         55000                          27516                          27484
configuration                   57                56000         8.6647832067040549E-08
        1.5472827154828670E-12         1.4986473299709313E-12         1.5959702382670802E-12
                         56000                          28015                          27985
configuration                   58                57000         8.8188230032195851E-08
        1.5471619303894009E-12         1.5015408377651443E-12         1.5928342754698915E-12
                         57000                          28516                          28484
configuration                   59                58000         8.9790566347432269E-08
        1.5481132128867633E-12         1.5026123718502733E-12         1.5936642894639864E-12
                         58000                          29016                          28984
configuration                   60                59000         9.1342610402410160E-08
        1.5481798373289857E-12         1.5022393613647704E-12         1.5941764104756919E-12
                         59000                          29518                          29482
configuration                   61                60000         9.2943973912809618E-08
        1.5490662318801604E-12         1.5028213238775307E-12         1.5953574079247935E-12
                         60000                          30015                          29985
configuration                   62                61000         9.4428619842782257E-08
        1.5480101613570861E-12         1.5016640090883109E-12         1.5943988804520433E-12
                         61000                          30514                          30486
configuration                   63                62000         9.5931739184030753E-08
        1.5472861158714637E-12         1.5016148756739915E-12         1.5930074745909041E-12
                         62000                          31017                          30983
configuration                   64                63000         9.7470908715246741E-08
        1.5471572811943928E-12         1.5010179003937357E-12         1.5933494228650129E-12
                         63000                          31518                          31482
configuration                   65                64000         9.8961528334136807E-08
        1.5462738802208876E-12         1.5006391336829741E-12         1.5919542843341103E-12
                         64000                          32016                          31984
configuration                   66                65000         1.0051264218009668E-07
        1.5463483412322567E-12         1.5014862329193821E-12         1.5912601704951575E-12
                         65000                          32518                          32482
configuration                   67                66000         1.0208608967728147E-07
        1.5467589345042646E-12         1.5026182449990422E-12         1.5909397701572723E-12
                         66000                          33015                          32985
configuration                   68                67000         1.0358730714616628E-07
        1.5460792111368101E-12         1.5018846408137119E-12         1.5903186584240571E-12
                         67000                          33517                          33483
configuration                   69                68000         1.0501225817443558E-07
        1.5442979143299350E-12         1.4997206389904112E-12         1.5889171645049810E-12
                         68000                          34016                          33984
configuration                   70                69000         1.0645787191846712E-07
        1.5428677089632917E-12         1.4983053601039252E-12         1.5874688245463137E-12
                         69000                          34515                          34485
configuration                   71                70000         1.0797046212775728E-07
        1.5424351732536754E-12         1.4974790338930091E-12         1.5874324341687351E-12
                         70000                          35016                          34984
configuration                   72                71000         1.0948612960001216E-07
        1.5420581633804529E-12         1.4973840893301821E-12         1.5867775636994028E-12
                         71000                          35518                          35482
configuration                   73                72000         1.1114261464822436E-07
        1.5436474256697828E-12         1.5001989427606657E-12         1.5871321307405423E-12
                         72000                          36015                          35985
configuration                   74                73000         1.1265798994663704E-07
        1.5432601362553019E-12         1.4998987219928584E-12         1.5866619607933339E-12
                         73000                          36517                          36483
configuration                   75                74000         1.1407709939620288E-07
        1.5415824242730118E-12         1.4982630693883151E-12         1.5849298873148597E-12
                         74000                          37012                          36988
configuration                   76                75000         1.1564459587190056E-07
        1.5419279449586741E-12         1.4980266417171107E-12         1.5858714136907699E-12
                         75000                          37518                          37482
configuration                   77                76000         1.1718789919957250E-07
        1.5419460420996382E-12         1.4985477771894789E-12         1.5853785823276007E-12
                         76000                          38015                          37985
configuration                   78                77000         1.1873326302248986E-07
        1.5419904288635046E-12         1.4974771107347840E-12         1.5865384462138222E-12
                         77000                          38515                          38485
configuration                   79                78000         1.2023494455965995E-07
        1.5414736482007685E-12         1.4959872646880525E-12         1.5869950347019331E-12
                         78000                          39015                          38985
configuration                   80                79000         1.2184715879436786E-07
        1.5423690986628843E-12         1.4972132246119873E-12         1.5875638577964052E-12
                         79000                          39517                          39483
configuration                   81                80000         1.2335437066044983E-07
        1.5419296332556228E-12         1.4970005584140035E-12         1.5868969140483745E-12
                         80000                          40017                          39983
configuration                   82                81000         1.2493230646769194E-07
        1.5423741539221227E-12         1.4972230063205104E-12         1.5875632221081291E-12
                         81000                          40517                          40483
configuration                   83                82000         1.2642045898381922E-07
        1.5417129144368197E-12         1.4964578062858200E-12         1.5870033574370396E-12
                         82000                          41016                          40984
configuration                   84                83000         1.2789372922706761E-07
        1.5408883039405735E-12         1.4951677450236783E-12         1.5866441308616403E-12
                         83000                          41516                          41484
configuration                   85                84000         1.2950970832188094E-07
        1.5417822419271540E-12         1.4964874744098696E-12         1.5871093744087241E-12
                         84000                          42015                          41985
configuration                   86                85000         1.3107349304196160E-07
        1.5420410946113129E-12         1.4973484376057054E-12         1.5867653105132433E-12
                         85000                          42515                          42485
configuration                   87                86000         1.3259397060378113E-07
        1.5417903558579201E-12         1.4965624356041637E-12         1.5870540518669504E-12
                         86000                          43017                          42983
configuration                   88                87000         1.3417144449700753E-07
        1.5422005114598567E-12         1.4969899457896614E-12         1.5874464279391747E-12
                         87000                          43517                          43483
configuration                   89                88000         1.3566887908242404E-07
        1.5416918077548187E-12         1.4964647338490786E-12         1.5869538433619647E-12
                         88000                          44017                          43983
configuration                   90                89000         1.3718317163348369E-07
        1.5413839509380189E-12         1.4963787880943644E-12         1.5864255371858056E-12
                         89000                          44518                          44482
configuration                   91                90000         1.3868579104043715E-07
        1.5409532337826350E-12         1.4957127175714496E-12         1.5862259324702345E-12
                         90000                          45016                          44984
configuration                   92                91000         1.4016023293049693E-07
        1.5402223398955706E-12         1.4945306010174554E-12         1.5859462249271531E-12
                         91000                          45516                          45484
configuration                   93                92000         1.4175520536075291E-07
        1.5408174495734012E-12         1.4948594290000102E-12         1.5868074520678693E-12
                         92000                          46016                          45984
configuration                   94                93000         1.4343555402897775E-07
        1.5423177852578253E-12         1.4953675058340755E-12         1.5892983649587208E-12
                         93000                          46515                          46485
configuration                   95                94000         1.4494428726029295E-07
        1.5419605027690738E-12         1.4948804113412399E-12         1.5890726596431433E-12
                         94000                          47016                          46984
configuration                   96                95000         1.4649692030233249E-07
        1.5420728452877105E-12         1.4948683115348057E-12         1.5893032243851921E-12
                         95000                          47513                          47487
configuration                   97                96000         1.4805954324484721E-07
        1.5422869088004918E-12         1.4953628189349872E-12         1.5892442483389198E-12
                         96000                          48017                          47983
configuration                   98                97000         1.4970022932212923E-07
        1.5433013332178272E-12         1.4966629929195043E-12         1.5899723798992253E-12
                         97000                          48517                          48483
configuration                   99                98000         1.5119676085593408E-07
        1.5428240903666742E-12         1.4969707950235040E-12         1.5887054677525284E-12
                         98000                          49015                          48985
configuration                  100                99000         1.5266803290463297E-07
        1.5421013424710401E-12         1.4970928516358854E-12         1.5871407588500965E-12
                         99000                          49517                          49483
