                                                         Overall                                                CO_adsorption_fwd                                                CO_adsorption_rev
configuration                    1                    0         0.0000000000000000E+00
        0.0000000000000000E+00         0.0000000000000000E+00         0.0000000000000000E+00
                             0                              0                              0
configuration                    2                 1000         1.2496319781224701E-09
        1.2496319781224700E-12         2.7245618492090917E-13         2.3082390874241637E-12
                          1000                            520                            480
configuration                    3                 2000         2.5419613141047986E-09
        1.2709806570523994E-12         2.8890204560070401E-13         2.2931441097878372E-12
                          2000                           1020                            980
configuration                    4                 3000         3.8164048410098364E-09
        1.2721349470032787E-12         2.9129263511828637E-13         2.2781440433930852E-12
                          3000                           1519                           1481
configuration                    5                 4000         5.0418578521761823E-09
        1.2604644630440455E-12         2.9253943644502424E-13         2.2479435305844670E-12
                          4000                           2020                           1980
configuration                    6                 5000         6.3314780748464823E-09
        1.2662956149692964E-12         2.9396962521173329E-13         2.2543042819810193E-12
                          5000                           2520                           2480
configuration                    7                 6000         7.6723996883118792E-09
        1.2787332813853131E-12         2.9905485174466472E-13         2.2715617570614089E-12
                          6000                           3020                           2980
configuration                    8                 7000         9.0089209679137081E-09
        1.2869887097019584E-12         2.9713369174445838E-13         2.2882213715440278E-12
                          7000                           3520                           3480
configuration                    9                 8000         1.0275848292373502E-08
        1.2844810365466879E-12         2.9648982202378571E-13         2.2824018110145406E-12
                          8000                           4020                           3980
configuration                   10                 9000         1.1558418633293083E-08
        1.2842687370325648E-12         2.9692157509319637E-13         2.2804314986321000E-12
                          9000                           4520                           4480
configuration                   11                10000         1.2853084467954335E-08
        1.2853084467954335E-12         2.9882555513372124E-13         2.2793172067332191E-12
                         10000                           5019                           4981
configuration                   12                11000         1.4117798160939163E-08
        1.2834361964490149E-12         2.9978697185195370E-13         2.2742653423934934E-12
                         11000                           5520                           5480
configuration                   13                12000         1.5393071582640722E-08
        1.2827559652200602E-12         3.0098525658696649E-13         2.2710937020045400E-12
                         12000                           6020                           5980
configuration                   14                13000         1.6584841808762759E-08
        1.2757570622125199E-12         3.0021620461788101E-13         2.2573197769528036E-12
                         13000                           6520                           6480
configuration                   15                14000         1.7813849622061329E-08
        1.2724178301472377E-12         2.9864969544209899E-13         2.2514865219529047E-12
                         14000                           7019                           6981
configuration                   16                15000         1.9112995585963257E-08
        1.2741997057308838E-12         2.9980178430021333E-13         2.2538083112333723E-12
                         15000                           7520                           7480
configuration                   17                16000         2.0409650555142144E-08
        1.2756031596963839E-12         3.0056531726005756E-13         2.2555284098642238E-12
                         16000                           8020                           7980
configuration                   18                17000         2.1804485225098629E-08
        1.2826167779469782E-12         3.0175343887036506E-13         2.2681068308871659E-12
                         17000                           8520                           8480
configuration                   19                18000         2.3090903674670415E-08
        1.2828279819261341E-12         3.0110959219704639E-13         2.2689192820771832E-12
                         18000                           9020                           8980
configuration                   20                19000         2.4390065304424528E-08
        1.2836876476012909E-12         3.0081008132225174E-13         2.2707123766072510E-12
                         19000                           9520                           9480
configuration                   21                20000         2.5707786452760199E-08
        1.2853893226380100E-12         3.0115657678527043E-13         2.2733692726128254E-12
                         20000                          10019                           9981
configuration                   22                21000         2.7004559223606402E-08
        1.2859313916003050E-12         3.0010534849350641E-13         2.2755201295281289E-12
                         21000                          10520                          10480
configuration                   23                22000         2.8313751141563526E-08
        1.2869886882528876E-12         2.9974024561610748E-13         2.2778336643783316E-12
                         22000                          11020                          10980
configuration                   24                23000         2.9563898795024191E-08
        1.2853869041314865E-12         3.0017107776690924E-13         2.2740355382534356E-12
                         23000                          11520                          11480
configuration                   25                24000         3.0796259284290621E-08
        1.2831774701787759E-12         3.0017220354072938E-13         2.2694648912964144E-12
                         24000                          12020                          11980
configuration                   26                25000         3.1927719154270375E-08
        1.2771087661708150E-12         2.9999580926863044E-13         2.2573534953707627E-12
                         25000                          12520                          12480
configuration                   27                26000         3.3232449679426399E-08
        1.2781711415163999E-12         2.9902394110477831E-13         2.2603357447027895E-12
                         26000                          13020                          12980
configuration                   28                27000         3.4502331459336203E-08
        1.2778641281235632E-12         2.9998012699083095E-13         2.2585045710664706E-12
                         27000                          13519                          13481
configuration                   29                28000         3.5786753428396891E-08
        1.2780983367284604E-12         2.9943055128443689E-13         2.2595663161222475E-12
                         28000                          14020                          13980
configuration                   30                29000         3.7065843294477994E-08
        1.2781325273957929E-12         2.9951877652219400E-13         2.2593142861785972E-12
                         29000                          14519                          14481
configuration                   31                30000         3.8458187769634249E-08
        1.2819395923211417E-12         2.9936262339541527E-13         2.2671402647687033E-12
                         30000                          15020                          14980
configuration                   32                31000         3.9742306301181627E-08
        1.2820098806832783E-12         2.9965296673492435E-13         2.2669051845901520E-12
                         31000                          15520                          15480
configuration                   33                32000         4.0932180486800274E-08
        1.2791306402125086E-12         2.9945476538440745E-13         2.2612587700464298E-12
                         32000                          16020                          15980
configuration                   34                33000         4.2086036963311660E-08
        1.2753344534336866E-12         2.9948248325191337E-13         2.2535549963586074E-12
                         33000                          16520                          16480
configuration                   35                34000         4.3386783413361975E-08
        1.2760818650988815E-12         2.9903596343193563E-13         2.2554294061101403E-12
                         34000                          17020                          16980
configuration                   36                35000         4.4721354654618151E-08
        1.2777529901319471E-12         2.9878710856217709E-13         2.2589590682270332E-12
                         35000                          17520                          17480
configuration                   37                36000         4.5850573909442902E-08
        1.2736270530400806E-12         2.9774551371347219E-13         2.2516796302739628E-12
                         36000                          18020                          17980
configuration                   38                37000         4.7078547679107016E-08
        1.2723931805164059E-12         2.9764862683851601E-13         2.2492475708905507E-12
                         37000                          18520                          18480
configuration                   39                38000         4.8325588190899825E-08
        1.2717260050236797E-12         2.9750459590153299E-13         2.2480005678004381E-12
                         38000                          19020                          18980
configuration                   40                39000         4.9588582863688249E-08
        1.2715021247099551E-12         2.9792636113915415E-13         2.2470770171587051E-12
                         39000                          19520                          19480
configuration                   41                40000         5.0892965601941479E-08
        1.2723241400485369E-12         2.9801512124764897E-13         2.2484861062851869E-12
                         40000                          20019                          19981
configuration                   42                41000         5.2215513877474930E-08
        1.2735491189628032E-12         2.9834718283787403E-13         2.2506557463692046E-12
                         41000                          20520                          20480
configuration                   43                42000         5.3486755678331717E-08
        1.2734941828174219E-12         2.9826430420176176E-13         2.2505834129652162E-12
                         42000                          21020                          20980
configuration                   44                43000         5.4871595654321745E-08
        1.2760836198679475E-12         2.9826999905068494E-13         2.2557181226606380E-12
                         43000                          21520                          21480
configuration                   45                44000         5.6110593869065225E-08
        1.2752407697514824E-12         2.9829120771539617E-13         2.2539682199805147E-12
                         44000                          22020                          21980
configuration                   46                45000         5.7511793633665781E-08
        1.2780398585259063E-12         2.9855767324619778E-13         2.2592648946690772E-12
                         45000                          22520                          22480
configuration                   47                46000         5.8766031948913651E-08
        1.2775224336720359E-12         2.9849023099786936E-13         2.2582587829130636E-12
                         46000                          23020                          22980
configuration                   48                47000         6.0063969673173196E-08
        1.2779568015568764E-12         2.9854642291699305E-13         2.2590356816935653E-12
                         47000                          23520                          23480
configuration                   49                48000         6.1347009940645248E-08
        1.2780627070967759E-12         2.9872027012466227E-13         2.2590387427960890E-12
                         48000                          24020                          23980
configuration                   50                49000         6.2683110966566682E-08
        1.2792471625829935E-12         2.9839529651348101E-13         2.2617017277800459E-12
                         49000                          24520                          24480
configuration                   51                50000         6.3877024512282659E-08
        1.2775404902456531E-12         2.9843063757528180E-13         2.2582181729442968E-12
                         50000                          25020                          24980
configuration                   52                51000         6.5140614899391538E-08
        1.2772669588115988E-12         2.9881975300262371E-13         2.2572501884915194E-12
                         51000                          25520                          25480
configuration                   53                52000         6.6370842702346950E-08
        1.2763623596605183E-12         2.9887463175855933E-13         2.2553550725168783E-12
                         52000                          26020                          25980
configuration                   54                53000         6.7722908269204197E-08
        1.2777907220604565E-12         2.9887430630382589E-13         2.2581858635206194E-12
                         53000                          26520                          26480
configuration                   55                54000         6.8970783235185378E-08
        1.2772367265775070E-12         2.9873413934884565E-13         2.2571900218672691E-12
                         54000                          27020                          26980
configuration                   56                55000         7.0195258175687931E-08
        1.2762774213761442E-12         2.9900660956322455E-13         2.2549707525657717E-12
                         55000                          27520                          27480
configuration                   57                56000         7.1405344724313120E-08
        1.2750954415055915E-12         2.9922459668110580E-13         2.2523613840353054E-12
                         56000                          28020                          27980
configuration                   58                57000         7.2803662226417372E-08
        1.2772572320424101E-12         2.9910542931145009E-13         2.2567828434850435E-12
                         57000                          28520                          28480
configuration                   59                58000         7.4097419635836759E-08
        1.2775417178592545E-12         2.9906216878744121E-13         2.2573718253148520E-12
                         58000                          29020                          28980
configuration                   60                59000         7.5402949688049089E-08
        1.2780160964076118E-12         2.9919463959281911E-13         2.2581656691746393E-12
                         59000                          29520                          29480
configuration                   61                60000         7.6675228222742663E-08
        1.2779204703790443E-12         2.9907688956825410E-13         2.2580047054732164E-12
                         60000                          30019                          29981
configuration                   62                61000         7.8022299611515312E-08
        1.2790540919920542E-12         2.9954435324341279E-13         2.2598492765920536E-12
                         61000                          30520                          30480
configuration                   63                62000         7.9283722997464815E-08
        1.2787697257655616E-12         2.9921908248310444E-13         2.2595851213311277E-12
                         62000                          31020                          30980
configuration                   64                63000         8.0569614370063575E-08
        1.2788827677787868E-12         2.9952202360738290E-13         2.2594879347509057E-12
                         63000                          31520                          31480
configuration                   65                64000         8.1903810454847219E-08
        1.2797470383569878E-12         2.9929260132505344E-13         2.2614278098942695E-12
                         64000                          32020                          31980
configuration                   66                65000         8.3174417497723870E-08
        1.2796064230419058E-12         2.9973891054278502E-13         2.2606806689307925E-12
                         65000                          32520                          32480
configuration                   67                66000         8.4534935821461735E-08
        1.2808323609312385E-12         2.9996376869515165E-13         2.2628906057958649E-12
                         66000                          33020                          32980
configuration                   68                67000         8.5717095508110713E-08
        1.2793596344494135E-12         3.0003072616700119E-13         2.2598585892172217E-12
                         67000                          33520                          33480
configuration                   69                68000         8.7029008059705030E-08
        1.2798383538191916E-12         2.9990671158715329E-13         2.2609235353593233E-12
                         68000                          34020                          33980
configuration                   70                69000         8.8174858438420000E-08
        1.2778964991075362E-12         3.0029067207404231E-13         2.2566364396294633E-12
                         69000                          34520                          34480
configuration                   71                70000         8.9440125295949595E-08
        1.2777160756564228E-12         3.0029108429252104E-13         2.2562587628366237E-12
                         70000                          35020                          34980
configuration                   72                71000         9.0701335241415862E-08
        1.2774835949495191E-12         3.0002076344982266E-13         2.2560484138578846E-12
                         71000                          35520                          35480
configuration                   73                72000         9.2036637071125408E-08
        1.2782866259878528E-12         3.0022285679070318E-13         2.2574377367849908E-12
                         72000                          36020                          35980
configuration                   74                73000         9.3354821575428832E-08
        1.2788331722661484E-12         3.0042227961476778E-13         2.2583168838787614E-12
                         73000                          36520                          36480
configuration                   75                74000         9.4578979236296721E-08
        1.2780943140040098E-12         3.0023810474599744E-13         2.2569553239962259E-12
                         74000                          37019                          36981
configuration                   76                75000         9.5863098211463192E-08
        1.2781746428195093E-12         3.0060782455213292E-13         2.2567847554500272E-12
                         75000                          37520                          37480
configuration                   77                76000         9.7088337188150403E-08
        1.2774781208967159E-12         3.0061880586121456E-13         2.2553662503766929E-12
                         76000                          38020                          37980
configuration                   78                77000         9.8376190284687768E-08
        1.2776128608401008E-12         3.0068309062806876E-13         2.2555581505637788E-12
                         77000                          38520                          38480
configuration                   79                78000         9.9581960914595099E-08
        1.2766918065973732E-12         3.0056837434061883E-13         2.2538169047671566E-12
                         78000                          39020                          38980
configuration                   80                79000         1.0086976936197897E-07
        1.2768325235693541E-12         3.0061968803359022E-13         2.2540344298604704E-12
                         79000                          39520                          39480
configuration                   81                80000         1.0220314537280105E-07
        1.2775393171600131E-12         3.0080083961705863E-13         2.2552550217940557E-12
                         80000                          40020                          39980
configuration                   82                81000         1.0343863737805256E-07
        1.2770202145438588E-12         3.0102589860023424E-13         2.2539789517482925E-12
                         81000                          40520                          40480
configuration                   83                82000         1.0468112361123289E-07
        1.2765990684296694E-12         3.0082723398281073E-13         2.2533233400014086E-12
                         82000                          41020                          40980
configuration                   84                83000         1.0591142346855094E-07
        1.2760412466090474E-12         3.0065372093723292E-13         2.2523693581301046E-12
                         83000                          41520                          41480
configuration                   85                84000         1.0724311187536090E-07
        1.2767037128019154E-12         3.0098079041273982E-13         2.2533563378327111E-12
                         84000                          42020                          41980
configuration                   86                85000         1.0849064037417453E-07
        1.2763604749902886E-12         3.0092880663358232E-13         2.2527106289104119E-12
                         85000                          42520                          42480
configuration                   87                86000         1.0989112033043975E-07
        1.2778037247725552E-12         3.0067876846067408E-13         2.2558380574979374E-12
                         86000                          43020                          42980
configuration                   88                87000         1.1112922517420063E-07
        1.2773474157954095E-12         3.0042262916863480E-13         2.2551709372764828E-12
                         87000                          43520                          43480
configuration                   89                88000         1.1241824823210633E-07
        1.2774800935466628E-12         3.0048505475086246E-13         2.2553637135510015E-12
                         88000                          44020                          43980
configuration                   90                89000         1.1371350022676625E-07
        1.2776797778288342E-12         3.0043935068690055E-13         2.2557990183045214E-12
                         89000                          44520                          44480
configuration                   91                90000         1.1494850616348275E-07
        1.2772056240386972E-12         3.0032596961340065E-13         2.2549540020339528E-12
                         90000                          45020                          44980
configuration                   92                91000         1.1613624692780379E-07
        1.2762224937121296E-12         3.0024762942261318E-13         2.2530557351909872E-12
                         91000                          45520                          45480
configuration                   93                92000         1.1731509940763178E-07
        1.2751641239959976E-12         3.0022592443941312E-13         2.2509504646570189E-12
                         92000                          46020                          45980
configuration                   94                93000         1.1869032967782581E-07
        1.2762401040626431E-12         3.0033914622451794E-13         2.2529809078197322E-12
                         93000                          46520                          46480
configuration                   95                94000         1.1993391332692671E-07
        1.2758926949673054E-12         3.0044922493293653E-13         2.2521666830689665E-12
                         94000                          47020                          46980
configuration                   96                95000         1.2121067872360157E-07
        1.2759018813010692E-12         3.0063529041914469E-13         2.2519489976658944E-12
                         95000                          47519                          47481
configuration                   97                96000         1.2249098359358769E-07
        1.2759477457665384E-12         3.0066817924232484E-13         2.2520403840427570E-12
                         96000                          48020                          47980
configuration                   98                97000         1.2378874667353059E-07
        1.2761726461188719E-12         3.0043389172198572E-13         2.2527164654946338E-12
                         97000                          48520                          48480
configuration                   99                98000         1.2503609037395688E-07
        1.2758784732036417E-12         3.0050747906020539E-13         2.2520460136877457E-12
                         98000                          49020                          48980
configuration                  100                99000         1.2635074374264298E-07
        1.2762701388145754E-12         3.0030421084200800E-13         2.2530250449019180E-12
                         99000                          49520                          49480
