                                                         Overall                                                CO_adsorption_fwd                                                CO_adsorption_rev
configuration                    1                    0         0.0000000000000000E+00
        0.0000000000000000E+00         0.0000000000000000E+00         0.0000000000000000E+00
                             0                              0                              0
configuration                    2                 1000         1.3072343958299489E-09
        1.3072343958299489E-12         4.1365282991182701E-14         2.6785926014052822E-12
                          1000                            520                            480
configuration                    3                 2000         2.4999950305961144E-09
        1.2499975152980573E-12         4.4426776875626807E-14         2.5047752226356902E-12
                          2000                           1020                            980
configuration                    4                 3000         3.7136626026768530E-09
        1.2378875342256177E-12         4.4723196924103411E-14         2.4632995563190669E-12
                          3000                           1520                           1480
configuration                    5                 4000         4.9515065094883548E-09
        1.2378766273720887E-12         4.5139388528618520E-14         2.4547095680103762E-12
                          4000                           2020                           1980
configuration                    6                 5000         6.1973906794454978E-09
        1.2394781358890995E-12         4.4917240622246614E-14         2.4523354092374319E-12
                          5000                           2519                           2481
configuration                    7                 6000         7.5259121013576424E-09
        1.2543186835596071E-12         4.5797050175402325E-14         2.4790620838348771E-12
                          6000                           3020                           2980
configuration                    8                 7000         8.7210654576833938E-09
        1.2458664939547706E-12         4.5581630812602094E-14         2.4592541507767444E-12
                          7000                           3519                           3481
configuration                    9                 8000         9.9782298573125013E-09
        1.2472787321640626E-12         4.5355669786542581E-14         2.4612814233091901E-12
                          8000                           4020                           3980
configuration                   10                 9000         1.1296918785069060E-08
        1.2552131983410066E-12         4.5386965390771337E-14         2.4758414512282914E-12
                          9000                           4520                           4480
configuration                   11                10000         1.2590630264362483E-08
        1.2590630264362483E-12         4.5393004854885715E-14         2.4824814016046081E-12
                         10000                           5020                           4980
configuration                   12                11000         1.3861238743327888E-08
        1.2601126130298080E-12         4.5348096814572936E-14         2.4837440235239834E-12
                         11000                           5520                           5480
configuration                   13                12000         1.5161575361612831E-08
        1.2634646134677359E-12         4.5624121618600875E-14         2.4894511955633501E-12
                         12000                           6020                           5980
configuration                   14                13000         1.6431216194541018E-08
        1.2639397072723859E-12         4.5539471157213227E-14         2.4898609324993812E-12
                         13000                           6520                           6480
configuration                   15                14000         1.7623774676956802E-08
        1.2588410483540573E-12         4.5196225939756053E-14         2.4794408554240275E-12
                         14000                           7020                           6980
configuration                   16                15000         1.8985539738247855E-08
        1.2657026492165237E-12         4.5382197885060846E-14         2.4925488783625927E-12
                         15000                           7520                           7480
configuration                   17                16000         2.0312037121728133E-08
        1.2695023201080083E-12         4.5410581626103447E-14         2.4997298567777970E-12
                         16000                           8020                           7980
configuration                   18                17000         2.1768082674288528E-08
        1.2804754514287370E-12         4.5676902743644613E-14         2.5210985215698938E-12
                         17000                           8520                           8480
configuration                   19                18000         2.3004708340553771E-08
        1.2780393522529873E-12         4.5595311198868156E-14         2.5159731217750555E-12
                         18000                           9020                           8980
configuration                   20                19000         2.4305665787801212E-08
        1.2792455677790112E-12         4.5622048004125682E-14         2.5180742500845926E-12
                         19000                           9520                           9480
configuration                   21                20000         2.5570091787664219E-08
        1.2785045893832108E-12         4.5594325106816830E-14         2.5163563777649242E-12
                         20000                          10020                           9980
configuration                   22                21000         2.6867468655787253E-08
        1.2794032693232025E-12         4.5514203152782807E-14         2.5180018357461883E-12
                         21000                          10520                          10480
configuration                   23                22000         2.8121332982286544E-08
        1.2782424082857521E-12         4.5402438619694724E-14         2.5155735982420441E-12
                         22000                          11020                          10980
configuration                   24                23000         2.9349749691604914E-08
        1.2760760735480396E-12         4.5473631307337069E-14         2.5109663291763506E-12
                         23000                          11520                          11480
configuration                   25                24000         3.0578976017222090E-08
        1.2741240007175872E-12         4.5509717051958172E-14         2.5068405023587351E-12
                         24000                          12020                          11980
configuration                   26                25000         3.1712002408072403E-08
        1.2684800963228961E-12         4.5500536644088218E-14         2.4953794622827321E-12
                         25000                          12520                          12480
configuration                   27                26000         3.3041756050935050E-08
        1.2708367711898096E-12         4.5379218895794781E-14         2.5000707720271059E-12
                         26000                          13020                          12980
configuration                   28                27000         3.4363754981457503E-08
        1.2727316659799076E-12         4.5529744952166792E-14         2.5035751357347361E-12
                         27000                          13520                          13480
configuration                   29                28000         3.5546113161753275E-08
        1.2695040414911884E-12         4.5459738244556914E-14         2.4970506174223568E-12
                         28000                          14020                          13980
configuration                   30                29000         3.6778237356907821E-08
        1.2682150812726835E-12         4.5452295565018015E-14         2.4943556647309160E-12
                         29000                          14520                          14480
configuration                   31                30000         3.8127828711338342E-08
        1.2709276237112780E-12         4.5443737075303983E-14         2.4996838304717778E-12
                         30000                          15020                          14980
configuration                   32                31000         3.9337552001626304E-08
        1.2689532903750422E-12         4.5521598987234022E-14         2.4955463039628152E-12
                         31000                          15520                          15480
configuration                   33                32000         4.0476242628950447E-08
        1.2648825821547016E-12         4.5511780353089864E-14         2.4873056262636934E-12
                         32000                          16020                          15980
configuration                   34                33000         4.1698246984050115E-08
        1.2635832419409126E-12         4.5506770088391259E-14         2.4846162100843250E-12
                         33000                          16520                          16480
configuration                   35                34000         4.2954035518144463E-08
        1.2633539858277784E-12         4.5447861047378391E-14         2.4841291474156524E-12
                         34000                          17020                          16980
configuration                   36                35000         4.4168192357457509E-08
        1.2619483530702145E-12         4.5458573783092225E-14         2.4812218618293646E-12
                         35000                          17520                          17480
configuration                   37                36000         4.5367175192998420E-08
        1.2601993109166229E-12         4.5307213241846908E-14         2.4777941718787479E-12
                         36000                          18020                          17980
configuration                   38                37000         4.6614303993655194E-08
        1.2598460538825728E-12         4.5313372771729393E-14         2.4770075936105161E-12
                         37000                          18520                          18480
configuration                   39                38000         4.7950732550399241E-08
        1.2618613829052432E-12         4.5337347368372197E-14         2.4809492204137114E-12
                         38000                          19020                          18980
configuration                   40                39000         4.9228796323073750E-08
        1.2622768287967628E-12         4.5442981802579524E-14         2.4816093079202677E-12
                         39000                          19520                          19480
configuration                   41                40000         5.0460308908091379E-08
        1.2615077227022846E-12         4.5431493766893664E-14         2.4800185386825627E-12
                         40000                          20020                          19980
configuration                   42                41000         5.1703515906560661E-08
        1.2610613635746503E-12         4.5452326710013679E-14         2.4790446368393838E-12
                         41000                          20520                          20480
configuration                   43                42000         5.3061575742817100E-08
        1.2633708510194549E-12         4.5429952833328588E-14         2.4836338481534726E-12
                         42000                          21020                          20980
configuration                   44                43000         5.4438519664211359E-08
        1.2660120852142176E-12         4.5441467458172617E-14         2.4888556463924964E-12
                         43000                          21520                          21480
configuration                   45                44000         5.5647944070501562E-08
        1.2647260016023081E-12         4.5409553585732766E-14         2.4862614058481891E-12
                         44000                          22020                          21980
configuration                   46                45000         5.7020400545255138E-08
        1.2671200121167809E-12         4.5419439410729288E-14         2.4909944292582206E-12
                         45000                          22520                          22480
configuration                   47                46000         5.8291090102558396E-08
        1.2671976109251825E-12         4.5394099283174701E-14         2.4911278475656697E-12
                         46000                          23020                          22980
configuration                   48                47000         5.9573673350802751E-08
        1.2675249649106968E-12         4.5431745280634822E-14         2.4917001150682060E-12
                         47000                          23520                          23480
configuration                   49                48000         6.0791425315953756E-08
        1.2664880274157033E-12         4.5451904144710389E-14         2.4895609081900326E-12
                         48000                          24020                          23980
configuration                   50                49000         6.2135203686656049E-08
        1.2680653813603275E-12         4.5416816459811903E-14         2.4927117380335190E-12
                         49000                          24520                          24480
configuration                   51                50000         6.3301794773598023E-08
        1.2660358954719604E-12         4.5424771554321189E-14         2.4886015608209811E-12
                         50000                          25020                          24980
configuration                   52                51000         6.4500743187210729E-08
        1.2647204546511907E-12         4.5466718393274114E-14         2.4858882470099495E-12
                         51000                          25520                          25480
configuration                   53                52000         6.5735827361102555E-08
        1.2641505261750492E-12         4.5458486824370271E-14         2.4847189197048301E-12
                         52000                          26020                          25980
configuration                   54                53000         6.7049022571421073E-08
        1.2650758975739824E-12         4.5451077193074659E-14         2.4865430515203828E-12
                         53000                          26520                          26480
configuration                   55                54000         6.8251763056218525E-08
        1.2639215380781209E-12         4.5442630939322390E-14         2.4842069372956676E-12
                         54000                          27020                          26980
configuration                   56                55000         6.9519324277147261E-08
        1.2639877141299501E-12         4.5494971709278047E-14         2.4842540995526568E-12
                         55000                          27520                          27480
configuration                   57                56000         7.0773190880585771E-08
        1.2638069800104603E-12         4.5547590266954201E-14         2.4838079843211152E-12
                         56000                          28020                          27980
configuration                   58                57000         7.2097637513540123E-08
        1.2648708335708793E-12         4.5531048089106595E-14         2.4859231749311083E-12
                         57000                          28520                          28480
configuration                   59                58000         7.3411030361125480E-08
        1.2657074200194048E-12         4.5554692936778895E-14         2.4875442778502101E-12
                         58000                          29020                          28980
configuration                   60                59000         7.4690722163751521E-08
        1.2659444434534157E-12         4.5538710144612845E-14         2.4880060868480861E-12
                         59000                          29520                          29480
configuration                   61                60000         7.6044737312289642E-08
        1.2674122885381606E-12         4.5542201723594601E-14         2.4909126222997418E-12
                         60000                          30020                          29980
configuration                   62                61000         7.7412652183663227E-08
        1.2690598718633315E-12         4.5597289816252748E-14         2.4941280478500720E-12
                         61000                          30520                          30480
configuration                   63                62000         7.8718434921680919E-08
        1.2696521761561438E-12         4.5570863130441727E-14         2.4953139686046972E-12
                         62000                          31020                          30980
configuration                   64                63000         7.9953039005764414E-08
        1.2690958572343558E-12         4.5654233511479597E-14         2.4940920446468093E-12
                         63000                          31520                          31480
configuration                   65                64000         8.1265402744077332E-08
        1.2697719178762083E-12         4.5617958612830899E-14         2.4954570265570191E-12
                         64000                          32020                          31980
configuration                   66                65000         8.2562113529687284E-08
        1.2701863619951890E-12         4.5681489987716733E-14         2.4961992449287433E-12
                         65000                          32520                          32480
configuration                   67                66000         8.3846779891318042E-08
        1.2704057559290612E-12         4.5740821754187079E-14         2.4965560326559618E-12
                         66000                          33020                          32980
configuration                   68                67000         8.5021427583401385E-08
        1.2689765310955431E-12         4.5731634080371062E-14         2.4936828915479715E-12
                         67000                          33520                          33480
configuration                   69                68000         8.6271747980980913E-08
        1.2687021761908958E-12         4.5719435858446402E-14         2.4931245666002147E-12
                         68000                          34020                          33980
configuration                   70                69000         8.7435418875060641E-08
        1.2671799836965311E-12         4.5775953643569947E-14         2.4900009557796788E-12
                         69000                          34520                          34480
configuration                   71                70000         8.8660173633264959E-08
        1.2665739090466423E-12         4.5767682535896492E-14         2.4887761403904062E-12
                         70000                          35020                          34980
configuration                   72                71000         8.9903884018282569E-08
        1.2662518875814446E-12         4.5773804342659436E-14         2.4881059325825781E-12
                         71000                          35520                          35480
configuration                   73                72000         9.1259858338375553E-08
        1.2674980324774382E-12         4.5789206433545487E-14         2.4905650673329000E-12
                         72000                          36020                          35980
configuration                   74                73000         9.2611858002686335E-08
        1.2686555890778949E-12         4.5791812550258207E-14         2.4928602250095845E-12
                         73000                          36520                          36480
configuration                   75                74000         9.3840287278784266E-08
        1.2681119902538414E-12         4.5793385122930526E-14         2.4917527355741528E-12
                         74000                          37020                          36980
configuration                   76                75000         9.5030705369459203E-08
        1.2670760715927894E-12         4.5798357880979257E-14         2.4896571766745873E-12
                         75000                          37520                          37480
configuration                   77                76000         9.6261183485284783E-08
        1.2665945195432209E-12         4.5799524915964233E-14         2.4886752382300773E-12
                         76000                          38020                          37980
configuration                   78                77000         9.7551489469033746E-08
        1.2669024606368019E-12         4.5831437284388874E-14         2.4892427885872566E-12
                         77000                          38520                          38480
configuration                   79                78000         9.8684450461297283E-08
        1.2651852623243242E-12         4.5861839573377342E-14         2.4857599148574268E-12
                         78000                          39020                          38980
configuration                   80                79000         1.0000447354057474E-07
        1.2658794119060093E-12         4.5876655289637468E-14         2.4871182402109073E-12
                         79000                          39520                          39480
configuration                   81                80000         1.0136198378983821E-07
        1.2670247973729775E-12         4.5868844824456768E-14         2.4894025167574289E-12
                         80000                          40020                          39980
configuration                   82                81000         1.0253802724252849E-07
        1.2659015708954135E-12         4.5921219146503445E-14         2.4870874368258585E-12
                         81000                          40520                          40480
configuration                   83                82000         1.0384584642382654E-07
        1.2664127612661774E-12         4.5921211721757479E-14         2.4880956153977177E-12
                         82000                          41020                          40980
configuration                   84                83000         1.0507008253268991E-07
        1.2659046088275892E-12         4.5900415732447019E-14         2.4870852765544167E-12
                         83000                          41520                          41480
configuration                   85                84000         1.0633963049334561E-07
        1.2659479820636383E-12         4.5926995278425450E-14         2.4871314471592349E-12
                         84000                          42020                          41980
configuration                   86                85000         1.0760869092687815E-07
        1.2659845991397429E-12         4.5915339410251665E-14         2.4872026999800553E-12
                         85000                          42520                          42480
configuration                   87                86000         1.0895905169276911E-07
        1.2669657173577805E-12         4.5870408152839585E-14         2.4891974577485531E-12
                         86000                          43020                          42980
configuration                   88                87000         1.1032474487445581E-07
        1.2681005157983426E-12         4.5876534156033678E-14         2.4914488985276961E-12
                         87000                          43520                          43480
configuration                   89                88000         1.1156886820243735E-07
        1.2678280477549700E-12         4.5878055917727543E-14         2.4908894083887655E-12
                         88000                          44020                          43980
configuration                   90                89000         1.1281278139801911E-07
        1.2675593415507765E-12         4.5866717667745546E-14         2.4903506098797198E-12
                         89000                          44520                          44480
configuration                   91                90000         1.1403087780992606E-07
        1.2670097534436229E-12         4.5853059774474903E-14         2.4892524023761235E-12
                         90000                          45020                          44980
configuration                   92                91000         1.1523723520618985E-07
        1.2663432440240643E-12         4.5848483848310716E-14         2.4879114384655606E-12
                         91000                          45520                          45480
configuration                   93                92000         1.1640740491558094E-07
        1.2652978795171841E-12         4.5848988911249924E-14         2.4858076217025783E-12
                         92000                          46020                          45980
configuration                   94                93000         1.1773431521714286E-07
        1.2659603786789555E-12         4.5871801173368626E-14         2.4870989463544999E-12
                         93000                          46520                          46480
configuration                   95                94000         1.1896594546017284E-07
        1.2655951644699238E-12         4.5885258492285394E-14         2.4863435633432324E-12
                         94000                          47020                          46980
configuration                   96                95000         1.2025805333585534E-07
        1.2658742456405824E-12         4.5922475376726884E-14         2.4868537764522495E-12
                         95000                          47520                          47480
configuration                   97                96000         1.2152225891654061E-07
        1.2658568637139647E-12         4.5924271197752140E-14         2.4868064904882033E-12
                         96000                          48020                          47980
configuration                   98                97000         1.2284224379008392E-07
        1.2664148844338548E-12         4.5904833659440845E-14         2.4878815858946963E-12
                         97000                          48519                          48481
configuration                   99                98000         1.2411766666336259E-07
        1.2665068026873735E-12         4.5884680576207866E-14         2.4881257578913065E-12
                         98000                          49020                          48980
configuration                  100                99000         1.2534409119099820E-07
        1.2661019312222040E-12         4.5874753026634286E-14         2.4873155501438670E-12
                         99000                          49520                          49480
