                                                         Overall                                                CO_adsorption_fwd                                                CO_adsorption_rev
configuration                    1                    0         0.0000000000000000E+00
        0.0000000000000000E+00         0.0000000000000000E+00         0.0000000000000000E+00
                             0                              0                              0
configuration                    2                 1000         3.4126032472787005E-09
        3.4126032472787007E-12         3.2155060724744702E-12         3.6144882077057061E-12
                          1000                            506                            494
configuration                    3                 2000         6.7218698065737197E-09
        3.3609349032868598E-12         3.2430178473021254E-12         3.4812341220187575E-12
                          2000                           1010                            990
configuration                    4                 3000         9.9917516632356347E-09
        3.3305838877452117E-12         3.2190031692824659E-12         3.4433611822772526E-12
                          3000                           1508                           1492
configuration                    5                 4000         1.3486482875567155E-08
        3.3716207188917887E-12         3.3241378282133345E-12         3.4193893641781306E-12
                          4000                           2006                           1994
configuration                    6                 5000         1.6933322401928979E-08
        3.3866644803857958E-12         3.3563198992981057E-12         3.4171794682665889E-12
                          5000                           2507                           2493
configuration                    7                 6000         2.0537478096389256E-08
        3.4229130160648759E-12         3.4239650458744326E-12         3.4218546550829391E-12
                          6000                           3009                           2991
configuration                    8                 7000         2.3988814637662828E-08
        3.4269735196661184E-12         3.4569291054137907E-12         3.3969150526851967E-12
                          7000                           3506                           3494
configuration                    9                 8000         2.7431316124072024E-08
        3.4289145155090031E-12         3.4658514109594741E-12         3.3918295763893814E-12
                          8000                           4008                           3992
configuration                   10                 9000         3.0994735606923206E-08
        3.4438595118803564E-12         3.4705437788817769E-12         3.4170801985138262E-12
                          9000                           4508                           4492
configuration                   11                10000         3.4247470032986480E-08
        3.4247470032986479E-12         3.4514603248878905E-12         3.3979373403372009E-12
                         10000                           5009                           4991
configuration                   12                11000         3.7644546886982196E-08
        3.4222315351801996E-12         3.4639722152121070E-12         3.3803996851154336E-12
                         11000                           5506                           5494
configuration                   13                12000         4.1269570481905711E-08
        3.4391308734921424E-12         3.4623898388359040E-12         3.4158098014318174E-12
                         12000                           6008                           5992
configuration                   14                13000         4.4691727917252630E-08
        3.4378252244040485E-12         3.4718514685732639E-12         3.4037151201136353E-12
                         13000                           6508                           6492
configuration                   15                14000         4.8135127650960951E-08
        3.4382234036400679E-12         3.4656901225761205E-12         3.4106938318002515E-12
                         14000                           7008                           6992
configuration                   16                15000         5.1548289585624831E-08
        3.4365526390416553E-12         3.4716354635003527E-12         3.4013855146443072E-12
                         15000                           7509                           7491
configuration                   17                16000         5.5130600630074422E-08
        3.4456625393796516E-12         3.4775248710038148E-12         3.4137443998432053E-12
                         16000                           8007                           7993
configuration                   18                17000         5.8749694301026862E-08
        3.4558643706486389E-12         3.4858204106422679E-12         3.4258660099015284E-12
                         17000                           8506                           8494
configuration                   19                18000         6.2220058286515428E-08
        3.4566699048064125E-12         3.4917492617659850E-12         3.4215203189039656E-12
                         18000                           9009                           8991
configuration                   20                19000         6.5585952865362344E-08
        3.4518922560717022E-12         3.4760660289346832E-12         3.4276879286190282E-12
                         19000                           9506                           9494
configuration                   21                20000         6.8984124686371964E-08
        3.4492062343185982E-12         3.4630512584556589E-12         3.4353279422020239E-12
                         20000                          10012                           9988
configuration                   22                21000         7.2403703950748120E-08
        3.4477954262261011E-12         3.4645325113619047E-12         3.4310328175140217E-12
                         21000                          10508                          10492
configuration                   23                22000         7.5803674375927427E-08
        3.4456215625421556E-12         3.4564002753775319E-12         3.4348232342148158E-12
                         22000                          11010                          10990
configuration                   24                23000         7.9021992920293649E-08
        3.4357388226214629E-12         3.4467389530172040E-12         3.4247233770424328E-12
                         23000                          11508                          11492
configuration                   25                24000         8.2393937951290063E-08
        3.4330807479704192E-12         3.4504959717432005E-12         3.4156422884087374E-12
                         24000                          12008                          11992
configuration                   26                25000         8.5601848324567890E-08
        3.4240739329827156E-12         3.4428856019053378E-12         3.4052351557388387E-12
                         25000                          12509                          12491
configuration                   27                26000         8.8977681007668810E-08
        3.4222185002949544E-12         3.4364375028858308E-12         3.4079841766822598E-12
                         26000                          13007                          12993
configuration                   28                27000         9.2496157196940531E-08
        3.4257835998866864E-12         3.4492955611952883E-12         3.4022542158575693E-12
                         27000                          13505                          13495
configuration                   29                28000         9.5860901221829312E-08
        3.4236036150653324E-12         3.4467082361886095E-12         3.4004725735633826E-12
                         28000                          14008                          13992
configuration                   30                29000         9.9170284990760322E-08
        3.4196649996813905E-12         3.4360888440896329E-12         3.4032207543898602E-12
                         29000                          14509                          14491
configuration                   31                30000         1.0276273449327962E-07
        3.4254244831093208E-12         3.4452521942736012E-12         3.4055756111006689E-12
                         30000                          15008                          14992
configuration                   32                31000         1.0625335943585298E-07
        3.4275277237371928E-12         3.4543650720087630E-12         3.4006695901177791E-12
                         31000                          15506                          15494
configuration                   33                32000         1.0961492182948046E-07
        3.4254663071712644E-12         3.4517835376944170E-12         3.3991227462523663E-12
                         32000                          16008                          15992
configuration                   34                33000         1.1305219692607292E-07
        3.4258241492749370E-12         3.4540268693587657E-12         3.3975906457964045E-12
                         33000                          16509                          16491
configuration                   35                34000         1.1648390011545459E-07
        3.4259970622192526E-12         3.4518679934035533E-12         3.4001109083628455E-12
                         34000                          17005                          16995
configuration                   36                35000         1.1971347100197930E-07
        3.4203848857708371E-12         3.4522432853392953E-12         3.3885009892839133E-12
                         35000                          17507                          17493
configuration                   37                36000         1.2285740967367924E-07
        3.4127058242688676E-12         3.4440638790874673E-12         3.3813303434681129E-12
                         36000                          18005                          17995
configuration                   38                37000         1.2634484307420289E-07
        3.4147254884919698E-12         3.4456262886872530E-12         3.3838079806458247E-12
                         37000                          18505                          18495
configuration                   39                38000         1.2977110490513108E-07
        3.4150290764508180E-12         3.4442694166560231E-12         3.3857610217427252E-12
                         38000                          19009                          18991
configuration                   40                39000         1.3313234549262588E-07
        3.4136498844263047E-12         3.4408574361429755E-12         3.3864199994022142E-12
                         39000                          19508                          19492
configuration                   41                40000         1.3655924243105605E-07
        3.4139810607764013E-12         3.4436635786203195E-12         3.3842777578951915E-12
                         40000                          20007                          19993
configuration                   42                41000         1.4003747607105058E-07
        3.4155481968548922E-12         3.4476321668789625E-12         3.3834266431095523E-12
                         41000                          20512                          20488
configuration                   43                42000         1.4331964157342191E-07
        3.4123724184148076E-12         3.4443569202884179E-12         3.3803665864298707E-12
                         42000                          21007                          20993
configuration                   44                43000         1.4676606394619408E-07
        3.4131642778184669E-12         3.4459675041117758E-12         3.3803366307350219E-12
                         43000                          21508                          21492
configuration                   45                44000         1.5006704789394023E-07
        3.4106147248622781E-12         3.4433156905569528E-12         3.3778988917132838E-12
                         44000                          22005                          21995
configuration                   46                45000         1.5356935701064582E-07
        3.4126523780143513E-12         3.4439347041233008E-12         3.3813589273228215E-12
                         45000                          22504                          22496
configuration                   47                46000         1.5694342827826541E-07
        3.4118136582231611E-12         3.4418012715081399E-12         3.3818077860512667E-12
                         46000                          23007                          22993
configuration                   48                47000         1.6042081764603836E-07
        3.4132088860859225E-12         3.4485601964781482E-12         3.3778304877200905E-12
                         47000                          23509                          23491
configuration                   49                48000         1.6383328580979469E-07
        3.4131934543707229E-12         3.4473983608030910E-12         3.3789771444022420E-12
                         48000                          24004                          23996
configuration                   50                49000         1.6734916468544867E-07
        3.4152890752132381E-12         3.4477953743737924E-12         3.3827668506998961E-12
                         49000                          24506                          24494
configuration                   51                50000         1.7078464293540053E-07
        3.4156928587080106E-12         3.4486131073173560E-12         3.3827541695960568E-12
                         50000                          25007                          24993
configuration                   52                51000         1.7403045766791178E-07
        3.4123619150570937E-12         3.4461244489399527E-12         3.3785834891836606E-12
                         51000                          25506                          25494
configuration                   53                52000         1.7749300008340872E-07
        3.4133269246809371E-12         3.4472623587314053E-12         3.3793732127834315E-12
                         52000                          26007                          25993
configuration                   54                53000         1.8116900818859999E-07
        3.4182831733698113E-12         3.4487480926533545E-12         3.3877998546181272E-12
                         53000                          26508                          26492
configuration                   55                54000         1.8436285006149727E-07
        3.4141268529906904E-12         3.4440866226367367E-12         3.3841559850783808E-12
                         54000                          27005                          26995
configuration                   56                55000         1.8783874429928873E-07
        3.4152498963507041E-12         3.4455341126546841E-12         3.3849502587020376E-12
                         55000                          27507                          27493
configuration                   57                56000         1.9112623810231507E-07
        3.4129685375413406E-12         3.4456719331194846E-12         3.3802464489676756E-12
                         56000                          28008                          27992
configuration                   58                57000         1.9456807738373217E-07
        3.4134750418198628E-12         3.4447503854167473E-12         3.3821821352053271E-12
                         57000                          28508                          28492
configuration                   59                58000         1.9803161472578805E-07
        3.4143381849273802E-12         3.4456428376741711E-12         3.3830184159408134E-12
                         58000                          29007                          28993
configuration                   60                59000         2.0147036835571345E-07
        3.4147520060290413E-12         3.4470115078629809E-12         3.3824684372873860E-12
                         59000                          29511                          29489
configuration                   61                60000         2.0502701689500384E-07
        3.4171169482500640E-12         3.4525261852855428E-12         3.3816864592967434E-12
                         60000                          30009                          29991
configuration                   62                61000         2.0850876371686033E-07
        3.4181764543747594E-12         3.4539090094569613E-12         3.3824251494275952E-12
                         61000                          30508                          30492
configuration                   63                62000         2.1191214300964528E-07
        3.4179377904781497E-12         3.4524049118829101E-12         3.3834506500941258E-12
                         62000                          31009                          30991
configuration                   64                63000         2.1522130863507060E-07
        3.4162112481757238E-12         3.4501119293002362E-12         3.3822933432833023E-12
                         63000                          31508                          31492
configuration                   65                64000         2.1873313605209054E-07
        3.4177052508139147E-12         3.4541237984081499E-12         3.3812684893923967E-12
                         64000                          32008                          31992
configuration                   66                65000         2.2220550126730074E-07
        3.4185461733430882E-12         3.4547581137372431E-12         3.3823186305986913E-12
                         65000                          32507                          32493
configuration                   67                66000         2.2575058166913380E-07
        3.4204633586232396E-12         3.4568471527489778E-12         3.3840597133776445E-12
                         66000                          33009                          32991
configuration                   68                67000         2.2915286658056573E-07
        3.4201920385159064E-12         3.4582577960488331E-12         3.3821035483717175E-12
                         67000                          33510                          33490
configuration                   69                68000         2.3242578169034836E-07
        3.4180262013286524E-12         3.4541698239982567E-12         3.3818655658924263E-12
                         68000                          34008                          33992
configuration                   70                69000         2.3573997612479017E-07
        3.4165213931129012E-12         3.4538820541615850E-12         3.3791455681395014E-12
                         69000                          34507                          34493
configuration                   71                70000         2.3912257292397594E-07
        3.4160367560567992E-12         3.4546871510452599E-12         3.3773731072322327E-12
                         70000                          35006                          34994
configuration                   72                71000         2.4251350445863491E-07
        3.4156831613892241E-12         3.4547271154249907E-12         3.3766216061118973E-12
                         71000                          35508                          35492
configuration                   73                72000         2.4615845940307386E-07
        3.4188674917093591E-12         3.4583434275744021E-12         3.3793740070841754E-12
                         72000                          36008                          35992
configuration                   74                73000         2.4957219721256049E-07
        3.4187972220898699E-12         3.4581066250653866E-12         3.3794748933502049E-12
                         73000                          36506                          36494
configuration                   75                74000         2.5284684898294816E-07
        3.4168493105803807E-12         3.4577450614150139E-12         3.3759336596750262E-12
                         74000                          37009                          36991
configuration                   76                75000         2.5630522019712973E-07
        3.4174029359617297E-12         3.4578585719257101E-12         3.3769278766308437E-12
                         75000                          37509                          37491
configuration                   77                76000         2.5969427211573911E-07
        3.4170298962597251E-12         3.4576107514292436E-12         3.3764362240595319E-12
                         76000                          38006                          37994
configuration                   78                77000         2.6312533811809035E-07
        3.4172121833518227E-12         3.4564763457649699E-12         3.3779337404649433E-12
                         77000                          38507                          38493
configuration                   79                78000         2.6652780140562651E-07
        3.4170230949439297E-12         3.4547919022477183E-12         3.3792407271727786E-12
                         78000                          39007                          38993
configuration                   80                79000         2.6991728863050627E-07
        3.4166745396266616E-12         3.4561566166985121E-12         3.3771724665674050E-12
                         79000                          39510                          39490
configuration                   81                80000         2.7323834374113710E-07
        3.4154792967642139E-12         3.4524379745333746E-12         3.3785058325666342E-12
                         80000                          40008                          39992
configuration                   82                81000         2.7661061014638903E-07
        3.4149458042764075E-12         3.4526224392654091E-12         3.3772505589465657E-12
                         81000                          40510                          40490
configuration                   83                82000         2.7995063338833960E-07
        3.4140321144919464E-12         3.4514412735191112E-12         3.3766047026425939E-12
                         82000                          41010                          40990
configuration                   84                83000         2.8328720744441995E-07
        3.4130988848725297E-12         3.4503819565133740E-12         3.3758032336880570E-12
                         83000                          41507                          41493
configuration                   85                84000         2.8681659660729780E-07
        3.4144832929440214E-12         3.4488257983591854E-12         3.3801293381188023E-12
                         84000                          42007                          41993
configuration                   86                85000         2.9013321619710730E-07
        3.4133319552600858E-12         3.4471414313565003E-12         3.3795097484939402E-12
                         85000                          42508                          42492
configuration                   87                86000         2.9361553645360140E-07
        3.4141341448093186E-12         3.4482256451118138E-12         3.3800315431413845E-12
                         86000                          43007                          42993
configuration                   88                87000         2.9710066239912616E-07
        3.4149501425186916E-12         3.4496638052625011E-12         3.3802284987051618E-12
                         87000                          43505                          43495
configuration                   89                88000         3.0034012301259858E-07
        3.4129559433249838E-12         3.4469324135427289E-12         3.3789624806240032E-12
                         88000                          44011                          43989
configuration                   90                89000         3.0375988811700440E-07
        3.4130324507528586E-12         3.4467999650629276E-12         3.3792527931309777E-12
                         89000                          44508                          44492
configuration                   91                90000         3.0720206910935596E-07
        3.4133563234372884E-12         3.4461447435460057E-12         3.3805547853369232E-12
                         90000                          45009                          44991
configuration                   92                91000         3.1046935931265278E-07
        3.4117512012379426E-12         3.4420782936995265E-12         3.3814147759274692E-12
                         91000                          45507                          45493
configuration                   93                92000         3.1389473486663507E-07
        3.4118992920286422E-12         3.4431590363702659E-12         3.3806313919073123E-12
                         92000                          46006                          45994
configuration                   94                93000         3.1755662294947652E-07
        3.4145873435427583E-12         3.4464902155172967E-12         3.3826734923470362E-12
                         93000                          46508                          46492
configuration                   95                94000         3.2105941270639417E-07
        3.4155256670892998E-12         3.4498867080304468E-12         3.3811558519963262E-12
                         94000                          47006                          46994
configuration                   96                95000         3.2459459434575690E-07
        3.4167852036395463E-12         3.4538704992410699E-12         3.3796858519996034E-12
                         95000                          47509                          47491
configuration                   97                96000         3.2789364953490131E-07
        3.4155588493218886E-12         3.4525648893747507E-12         3.3785450988741894E-12
                         96000                          48005                          47995
configuration                   98                97000         3.3134672264613259E-07
        3.4159455942900268E-12         3.4507616630584902E-12         3.3811180379132996E-12
                         97000                          48508                          48492
configuration                   99                98000         3.3473814824430357E-07
        3.4156953902479956E-12         3.4512705511574628E-12         3.3801071585113151E-12
                         98000                          49009                          48991
configuration                  100                99000         3.3804748089350473E-07
        3.4146210191263105E-12         3.4517649243805223E-12         3.3774666070393395E-12
                         99000                          49507                          49493
