                                                         Overall                                                CO_adsorption_fwd                                                CO_adsorption_rev
configuration                    1                    0         0.0000000000000000E+00
        0.0000000000000000E+00         0.0000000000000000E+00         0.0000000000000000E+00
                             0                              0                              0
configuration                    2                 1000         1.2494071930870174E-09
        1.2494071930870174E-12         9.3711792477471623E-13         1.5863679628460289E-12
                          1000                            519                            481
configuration                    3                 2000         2.5831279410050272E-09
        1.2915639705025137E-12         9.7560922524930799E-13         1.6197575336146609E-12
                          2000                           1019                            981
configuration                    4                 3000         3.8872199383445836E-09
        1.2957399794481945E-12         9.7855291121569443E-13         1.6210655409911807E-12
                          3000                           1519                           1481
configuration                    5                 4000         5.1301369934067064E-09
        1.2825342483516766E-12         9.7018910561757904E-13         1.6008708678267567E-12
                          4000                           2019                           1981
configuration                    6                 5000         6.3603277812481305E-09
        1.2720655562496261E-12         9.6986948170977014E-13         1.5788901881584904E-12
                          5000                           2519                           2481
configuration                    7                 6000         7.7219431935272204E-09
        1.2869905322545368E-12         9.9054415455452038E-13         1.5874160559639491E-12
                          6000                           3020                           2980
configuration                    8                 7000         9.0290162879877621E-09
        1.2898594697125373E-12         9.7886772280812157E-13         1.6040665247411774E-12
                          7000                           3518                           3482
configuration                    9                 8000         1.0285778646907312E-08
        1.2857223308634141E-12         9.8509638028320423E-13         1.5892178584649802E-12
                          8000                           4019                           3981
configuration                   10                 9000         1.1647279193755933E-08
        1.2941421326395481E-12         9.9137214965473679E-13         1.5996154190438587E-12
                          9000                           4520                           4480
configuration                   11                10000         1.2858637263318904E-08
        1.2858637263318903E-12         9.9084905877544383E-13         1.5831290578849463E-12
                         10000                           5019                           4981
configuration                   12                11000         1.4145076515103388E-08
        1.2859160468275808E-12         9.9056677341995583E-13         1.5833129889798566E-12
                         11000                           5519                           5481
configuration                   13                12000         1.5462862738231089E-08
        1.2885718948525907E-12         9.8716368143501998E-13         1.5919962167211034E-12
                         12000                           6020                           5980
configuration                   14                13000         1.6704312125096412E-08
        1.2849470865458779E-12         9.8456905235396778E-13         1.5870863250734207E-12
                         13000                           6519                           6481
configuration                   15                14000         1.8099830811377021E-08
        1.2928450579555015E-12         9.8915480076645253E-13         1.5981884063597236E-12
                         14000                           7019                           6981
configuration                   16                15000         1.9460132977645864E-08
        1.2973421985097243E-12         9.9461309062061833E-13         1.6016901786335222E-12
                         15000                           7520                           7480
configuration                   17                16000         2.0775113443584920E-08
        1.2984445902240575E-12         9.9531828638294576E-13         1.6030141717930131E-12
                         16000                           8019                           7981
configuration                   18                17000         2.2208896334989782E-08
        1.3064056667641048E-12         1.0005449392331178E-12         1.6137091335758906E-12
                         17000                           8520                           8480
configuration                   19                18000         2.3468846123708689E-08
        1.3038247846504827E-12         9.9981174773002632E-13         1.6091241477487495E-12
                         18000                           9019                           8981
configuration                   20                19000         2.4764359289580303E-08
        1.3033873310305423E-12         9.9910483806621000E-13         1.6088893931049420E-12
                         19000                           9519                           9481
configuration                   21                20000         2.6046719908221854E-08
        1.3023359954110928E-12         9.9645269737018947E-13         1.6093838626660514E-12
                         20000                          10019                           9981
configuration                   22                21000         2.7370359517405276E-08
        1.3033504532097752E-12         9.9664503608091104E-13         1.6112265017017217E-12
                         21000                          10520                          10480
configuration                   23                22000         2.8604924961990773E-08
        1.3002238619086716E-12         9.9416426083136255E-13         1.6073984342103008E-12
                         22000                          11020                          10980
configuration                   24                23000         2.9856047624856395E-08
        1.2980890271676694E-12         9.9397336487302424E-13         1.6032112564135494E-12
                         23000                          11519                          11481
configuration                   25                24000         3.1042549245313183E-08
        1.2934395518880494E-12         9.8891140897175044E-13         1.5989844832614947E-12
                         24000                          12020                          11980
configuration                   26                25000         3.2269819002768708E-08
        1.2907927601107484E-12         9.8549356454146571E-13         1.5970704787427512E-12
                         25000                          12520                          12480
configuration                   27                26000         3.3588551009864046E-08
        1.2918673465332324E-12         9.8633684220147550E-13         1.5983393932512164E-12
                         26000                          13020                          12980
configuration                   28                27000         3.4922377512490294E-08
        1.2934213893514923E-12         9.8854746073219751E-13         1.5991094005572115E-12
                         27000                          13518                          13482
configuration                   29                28000         3.6104359341704647E-08
        1.2894414050608802E-12         9.8811664792934531E-13         1.5915851551665088E-12
                         28000                          14019                          13981
configuration                   30                29000         3.7464143740138011E-08
        1.2918670255220004E-12         9.8818077476527334E-13         1.5963501879235432E-12
                         29000                          14519                          14481
configuration                   31                30000         3.8837640223907116E-08
        1.2945880074635706E-12         9.8908262642466630E-13         1.6009091572101800E-12
                         30000                          15020                          14980
configuration                   32                31000         4.0159491027684382E-08
        1.2954674525059478E-12         9.9109693964317906E-13         1.6005850798631654E-12
                         31000                          15519                          15481
configuration                   33                32000         4.1437126046958682E-08
        1.2949101889674589E-12         9.9064614145667247E-13         1.5998977227309874E-12
                         32000                          16019                          15981
configuration                   34                33000         4.2814096324509869E-08
        1.2973968583184809E-12         9.9440556436416366E-13         1.6011235680347983E-12
                         33000                          16520                          16480
configuration                   35                34000         4.4101024805846467E-08
        1.2970889648778372E-12         9.9287745976453881E-13         1.6020171048676998E-12
                         34000                          17020                          16980
configuration                   36                35000         4.5451963325431190E-08
        1.2986275235837483E-12         9.9352166168767930E-13         1.6044315682301242E-12
                         35000                          17520                          17480
configuration                   37                36000         4.6631568350283353E-08
        1.2953213430634265E-12         9.9058616760069972E-13         1.6007005281289017E-12
                         36000                          18019                          17981
configuration                   38                37000         4.7911652177911648E-08
        1.2949095183219364E-12         9.9099720486069737E-13         1.5994467258858179E-12
                         37000                          18519                          18481
configuration                   39                38000         4.9208278183696263E-08
        1.2949546890446386E-12         9.9156169136342281E-13         1.5989870818737293E-12
                         38000                          19020                          18980
configuration                   40                39000         5.0573826187780326E-08
        1.2967647740456494E-12         9.9225139925530535E-13         1.6019034329731097E-12
                         39000                          19520                          19480
configuration                   41                40000         5.1849969679704359E-08
        1.2962492419926090E-12         9.9269627847212018E-13         1.6004099191537506E-12
                         40000                          20020                          19980
configuration                   42                41000         5.3099210329466017E-08
        1.2951026909625859E-12         9.9082677753226308E-13         1.5999728932862992E-12
                         41000                          20520                          20480
configuration                   43                42000         5.4429573877649441E-08
        1.2959422351821296E-12         9.9178208683430988E-13         1.6006532669786235E-12
                         42000                          21019                          20981
configuration                   44                43000         5.5817063220882952E-08
        1.2980712376949523E-12         9.9322392230050811E-13         1.6034578295655603E-12
                         43000                          21519                          21481
configuration                   45                44000         5.7146648128945542E-08
        1.2987874574760351E-12         9.9285867084907714E-13         1.6052172647707230E-12
                         44000                          22018                          21982
configuration                   46                45000         5.8419462352794646E-08
        1.2982102745065477E-12         9.9267759526217763E-13         1.6042866062050617E-12
                         45000                          22520                          22480
configuration                   47                46000         5.9744981584632087E-08
        1.2988039474920019E-12         9.9307671187524313E-13         1.6050367152854630E-12
                         46000                          23019                          22981
configuration                   48                47000         6.1039946628997242E-08
        1.2987222687020690E-12         9.9161614440932794E-13         1.6063253919608837E-12
                         47000                          23519                          23481
configuration                   49                48000         6.2419216632664156E-08
        1.3004003465138366E-12         9.9265042527183835E-13         1.6086379245260468E-12
                         48000                          24019                          23981
configuration                   50                49000         6.3780045066161317E-08
        1.3016335727788024E-12         9.9375297124507034E-13         1.6099920740248581E-12
                         49000                          24519                          24481
configuration                   51                50000         6.5088579689490539E-08
        1.3017715937898108E-12         9.9468491939937977E-13         1.6093253949416194E-12
                         50000                          25019                          24981
configuration                   52                51000         6.6340181173945368E-08
        1.3007878661557915E-12         9.9449434132179699E-13         1.6075381687435176E-12
                         51000                          25519                          25481
configuration                   53                52000         6.7600688219122345E-08
        1.3000132349831221E-12         9.9417192394643069E-13         1.6063018717508646E-12
                         52000                          26019                          25981
configuration                   54                53000         6.9013631036405062E-08
        1.3021439818189634E-12         9.9467809330126267E-13         1.6100743203192809E-12
                         53000                          26520                          26480
configuration                   55                54000         7.0219550342191171E-08
        1.3003620433739106E-12         9.9425659678214070E-13         1.6068986084182780E-12
                         54000                          27019                          26981
configuration                   56                55000         7.1544915360225820E-08
        1.3008166429131967E-12         9.9440056115563057E-13         1.6076564287246860E-12
                         55000                          27519                          27481
configuration                   57                56000         7.2758217758000257E-08
        1.2992538885357189E-12         9.9387827963590973E-13         1.6050442171788260E-12
                         56000                          28019                          27981
configuration                   58                57000         7.4027858068512122E-08
        1.2987343520791600E-12         9.9484661729066580E-13         1.6030488954838951E-12
                         57000                          28520                          28480
configuration                   59                58000         7.5467620339686955E-08
        1.3011658679256372E-12         9.9583644786337521E-13         1.6068956371118528E-12
                         58000                          29019                          28981
configuration                   60                59000         7.6825233170176873E-08
        1.3021225961046928E-12         9.9727083216031118E-13         1.6073466096760008E-12
                         59000                          29518                          29482
configuration                   61                60000         7.8179239290372710E-08
        1.3029873215062118E-12         9.9724757045168968E-13         1.6090941805267491E-12
                         60000                          30018                          29982
configuration                   62                61000         7.9481067750639817E-08
        1.3029683237809806E-12         9.9783171125797637E-13         1.6084853434846890E-12
                         61000                          30519                          30481
configuration                   63                62000         8.0767271914020655E-08
        1.3026979340971073E-12         9.9769731754104196E-13         1.6080726516643847E-12
                         62000                          31019                          30981
configuration                   64                63000         8.2085335601774817E-08
        1.3029418349488065E-12         9.9719602185286651E-13         1.6090761433599684E-12
                         63000                          31520                          31480
configuration                   65                64000         8.3418140557464402E-08
        1.3034084462103812E-12         9.9735344232202389E-13         1.6098271063367293E-12
                         64000                          32019                          31981
configuration                   66                65000         8.4671133689901530E-08
        1.3026328259984850E-12         9.9660541311879846E-13         1.6090182648530111E-12
                         65000                          32519                          32481
configuration                   67                66000         8.6065108879239342E-08
        1.3040168012005960E-12         9.9707075418605204E-13         1.6113165048594521E-12
                         66000                          33019                          32981
configuration                   68                67000         8.7309387596136910E-08
        1.3031251880020435E-12         9.9705565569431771E-13         1.6095421006815407E-12
                         67000                          33519                          33481
configuration                   69                68000         8.8591107465382632E-08
        1.3028104039026858E-12         9.9717280391493788E-13         1.6087717915897795E-12
                         68000                          34018                          33982
configuration                   70                69000         8.9904625140611969E-08
        1.3029655817479996E-12         9.9691563364823576E-13         1.6093528140920523E-12
                         69000                          34519                          34481
configuration                   71                70000         9.1123936423284210E-08
        1.3017705203326315E-12         9.9677426089748684E-13         1.6071155462165138E-12
                         70000                          35020                          34980
configuration                   72                71000         9.2401174026763333E-08
        1.3014249862924413E-12         9.9616571414639813E-13         1.6070284064341230E-12
                         71000                          35520                          35480
configuration                   73                72000         9.3786761673979627E-08
        1.3025939121386059E-12         9.9664498857846574E-13         1.6088829679094722E-12
                         72000                          36020                          35980
configuration                   74                73000         9.5077158130593636E-08
        1.3024268237067622E-12         9.9718134770370337E-13         1.6079902550314315E-12
                         73000                          36519                          36481
configuration                   75                74000         9.6350707365040267E-08
        1.3020365860140577E-12         9.9699183026587744E-13         1.6073947919317314E-12
                         74000                          37019                          36981
configuration                   76                75000         9.7711260532829832E-08
        1.3028168071043977E-12         9.9715777777909552E-13         1.6087694100131611E-12
                         75000                          37518                          37482
configuration                   77                76000         9.9070617339259765E-08
        1.3035607544639444E-12         9.9742601745506253E-13         1.6100179082574438E-12
                         76000                          38020                          37980
configuration                   78                77000         1.0042775390354269E-07
        1.3042565442018532E-12         9.9838562082974274E-13         1.6104295152101359E-12
                         77000                          38519                          38481
configuration                   79                78000         1.0170366318328028E-07
        1.3038931177343626E-12         9.9792507359222781E-13         1.6101751362675967E-12
                         78000                          39020                          38980
configuration                   80                79000         1.0315039796076510E-07
        1.3057012400096848E-12         9.9862595811850876E-13         1.6130720782624354E-12
                         79000                          39519                          39481
configuration                   81                80000         1.0445234712159680E-07
        1.3056543390199600E-12         9.9832851609130156E-13         1.6132722602270698E-12
                         80000                          40019                          39981
configuration                   82                81000         1.0572391438345468E-07
        1.3052335109068478E-12         9.9868926155343077E-13         1.6120503651952034E-12
                         81000                          40518                          40482
configuration                   83                82000         1.0701388083677042E-07
        1.3050473272776881E-12         9.9817681174528440E-13         1.6122023912493588E-12
                         82000                          41019                          40981
configuration                   84                83000         1.0829779130087102E-07
        1.3047926662755545E-12         9.9780044114471116E-13         1.6120661214768964E-12
                         83000                          41519                          41481
configuration                   85                84000         1.0965482103630190E-07
        1.3054145361464512E-12         9.9854522969948800E-13         1.6125616119091641E-12
                         84000                          42019                          41981
configuration                   86                85000         1.1096065572339667E-07
        1.3054194790987843E-12         9.9842401509588259E-13         1.6126895559316940E-12
                         85000                          42519                          42481
configuration                   87                86000         1.1223007442306163E-07
        1.3050008653844374E-12         9.9849426104192994E-13         1.6117784557664662E-12
                         86000                          43019                          42981
configuration                   88                87000         1.1355315435957594E-07
        1.3052086707997236E-12         9.9857235065957314E-13         1.6121270850706304E-12
                         87000                          43520                          43480
configuration                   89                88000         1.1487848969118900E-07
        1.3054373828544204E-12         9.9865086876102546E-13         1.6124889633977621E-12
                         88000                          44019                          43981
configuration                   90                89000         1.1614560908918571E-07
        1.3050068436987159E-12         9.9878331609138619E-13         1.6114919772512506E-12
                         89000                          44519                          44481
configuration                   91                90000         1.1742338963350760E-07
        1.3047043292611956E-12         9.9859510690032836E-13         1.6110721530415332E-12
                         90000                          45019                          44981
configuration                   92                91000         1.1867305176153639E-07
        1.3040994699069932E-12         9.9863214879635122E-13         1.6098354518101561E-12
                         91000                          45520                          45480
configuration                   93                92000         1.2004429218828728E-07
        1.3048292629161661E-12         9.9885525414861746E-13         1.6110694517696293E-12
                         92000                          46020                          45980
configuration                   94                93000         1.2138208620551170E-07
        1.3051837226399108E-12         9.9941894285977473E-13         1.6112116390635673E-12
                         93000                          46520                          46480
configuration                   95                94000         1.2262373967862224E-07
        1.3045078689215132E-12         9.9821074192914108E-13         1.6110527405516180E-12
                         94000                          47019                          46981
configuration                   96                95000         1.2388016560407514E-07
        1.3040017432007909E-12         9.9866931377489639E-13         1.6095785363156943E-12
                         95000                          47519                          47481
configuration                   97                96000         1.2513418813844903E-07
        1.3034811264421773E-12         9.9852472913096560E-13         1.6086790431693554E-12
                         96000                          48019                          47981
configuration                   98                97000         1.2645465189382073E-07
        1.3036562050909353E-12         9.9823110637197997E-13         1.6093080952696779E-12
                         97000                          48518                          48482
configuration                   99                98000         1.2776030482398761E-07
        1.3036765798366082E-12         9.9835165136375832E-13         1.6092383827563149E-12
                         98000                          49019                          48981
configuration                  100                99000         1.2906806251847759E-07
        1.3037178032169454E-12         9.9805799100855315E-13         1.6096123534634395E-12
                         99000                          49519                          49481
