         0           2.2109628558616716E+01          0.0000000000000000E+00         0         0         0         0         0         0         0         0
         0           0.0000000000000000E+00          2.5530000000000001E+01         0         0         0         0         0         0         0         0
         1           0.0000000000000000E+00          0.0000000000000000E+00         1         6         2         3        19        20       100        82
         2           2.2109628558616716E+00          1.2765000000000000E+00         1         6         1         3         4        23        21        20
         3           0.0000000000000000E+00          2.5529999999999999E+00         1         6         4         5         1         2        82        84
         4           2.2109628558616716E+00          3.8294999999999999E+00         1         6         3         5         6        25        23         2
         5           0.0000000000000000E+00          5.1059999999999999E+00         1         6         6         7         3         4        84        86
         6           2.2109628558616716E+00          6.3825000000000003E+00         1         6         5         7         8        27        25         4
         7           0.0000000000000000E+00          7.6589999999999998E+00         1         6         8         9         5         6        86        88
         8           2.2109628558616716E+00          8.9354999999999993E+00         1         6         7         9        10        29        27         6
         9           0.0000000000000000E+00          1.0212000000000000E+01         1         6        10        11         7         8        88        90
        10           2.2109628558616716E+00          1.1488500000000000E+01         1         6         9        11        12        31        29         8
        11           0.0000000000000000E+00          1.2765000000000001E+01         1         6        12        13         9        10        90        92
        12           2.2109628558616716E+00          1.4041500000000001E+01         1         6        11        13        14        33        31        10
        13           0.0000000000000000E+00          1.5318000000000000E+01         1         6        14        15        11        12        92        94
        14           2.2109628558616716E+00          1.6594500000000000E+01         1         6        13        15        16        35        33        12
        15           0.0000000000000000E+00          1.7870999999999999E+01         1         6        16        17        13        14        94        96
        16           2.2109628558616716E+00          1.9147499999999997E+01         1         6        15        17        18        37        35        14
        17           0.0000000000000000E+00          2.0423999999999999E+01         1         6        18        19        15        16        96        98
        18           2.2109628558616716E+00          2.1700499999999998E+01         1         6        17        19        20        39        37        16
        19           0.0000000000000000E+00          2.2977000000000000E+01         1         6        20         1        17        18        98       100
        20           2.2109628558616716E+00          2.4253499999999999E+01         1         6        19         1         2        21        39        18
        21           4.4219257117233433E+00          0.0000000000000000E+00         1         6        22        23        39        40        20         2
        22           6.6328885675850149E+00          1.2765000000000000E+00         1         6        21        23        24        43        41        40
        23           4.4219257117233433E+00          2.5529999999999999E+00         1         6        24        25        21        22         2         4
        24           6.6328885675850149E+00          3.8294999999999999E+00         1         6        23        25        26        45        43        22
        25           4.4219257117233433E+00          5.1059999999999999E+00         1         6        26        27        23        24         4         6
        26           6.6328885675850149E+00          6.3825000000000003E+00         1         6        25        27        28        47        45        24
        27           4.4219257117233433E+00          7.6589999999999998E+00         1         6        28        29        25        26         6         8
        28           6.6328885675850149E+00          8.9354999999999993E+00         1         6        27        29        30        49        47        26
        29           4.4219257117233433E+00          1.0212000000000000E+01         1         6        30        31        27        28         8        10
        30           6.6328885675850149E+00          1.1488500000000000E+01         1         6        29        31        32        51        49        28
        31           4.4219257117233433E+00          1.2765000000000001E+01         1         6        32        33        29        30        10        12
        32           6.6328885675850149E+00          1.4041500000000001E+01         1         6        31        33        34        53        51        30
        33           4.4219257117233433E+00          1.5318000000000000E+01         1         6        34        35        31        32        12        14
        34           6.6328885675850149E+00          1.6594500000000000E+01         1         6        33        35        36        55        53        32
        35           4.4219257117233433E+00          1.7870999999999999E+01         1         6        36        37        33        34        14        16
        36           6.6328885675850149E+00          1.9147499999999997E+01         1         6        35        37        38        57        55        34
        37           4.4219257117233433E+00          2.0423999999999999E+01         1         6        38        39        35        36        16        18
        38           6.6328885675850149E+00          2.1700499999999998E+01         1         6        37        39        40        59        57        36
        39           4.4219257117233433E+00          2.2977000000000000E+01         1         6        40        21        37        38        18        20
        40           6.6328885675850149E+00          2.4253499999999999E+01         1         6        39        21        22        41        59        38
        41           8.8438514234466865E+00          0.0000000000000000E+00         1         6        42        43        59        60        40        22
        42           1.1054814279308358E+01          1.2765000000000000E+00         1         6        41        43        44        63        61        60
        43           8.8438514234466865E+00          2.5529999999999999E+00         1         6        44        45        41        42        22        24
        44           1.1054814279308358E+01          3.8294999999999999E+00         1         6        43        45        46        65        63        42
        45           8.8438514234466865E+00          5.1059999999999999E+00         1         6        46        47        43        44        24        26
        46           1.1054814279308358E+01          6.3825000000000003E+00         1         6        45        47        48        67        65        44
        47           8.8438514234466865E+00          7.6589999999999998E+00         1         6        48        49        45        46        26        28
        48           1.1054814279308358E+01          8.9354999999999993E+00         1         6        47        49        50        69        67        46
        49           8.8438514234466865E+00          1.0212000000000000E+01         1         6        50        51        47        48        28        30
        50           1.1054814279308358E+01          1.1488500000000000E+01         1         6        49        51        52        71        69        48
        51           8.8438514234466865E+00          1.2765000000000001E+01         1         6        52        53        49        50        30        32
        52           1.1054814279308358E+01          1.4041500000000001E+01         1         6        51        53        54        73        71        50
        53           8.8438514234466865E+00          1.5318000000000000E+01         1         6        54        55        51        52        32        34
        54           1.1054814279308358E+01          1.6594500000000000E+01         1         6        53        55        56        75        73        52
        55           8.8438514234466865E+00          1.7870999999999999E+01         1         6        56        57        53        54        34        36
        56           1.1054814279308358E+01          1.9147499999999997E+01         1         6        55        57        58        77        75        54
        57           8.8438514234466865E+00          2.0423999999999999E+01         1         6        58        59        55        56        36        38
        58           1.1054814279308358E+01          2.1700499999999998E+01         1         6        57        59        60        79        77        56
        59           8.8438514234466865E+00          2.2977000000000000E+01         1         6        60        41        57        58        38        40
        60           1.1054814279308358E+01          2.4253499999999999E+01         1         6        59        41        42        61        79        58
        61           1.3265777135170030E+01          0.0000000000000000E+00         1         6        62        63        79        80        60        42
        62           1.5476739991031701E+01          1.2765000000000000E+00         1         6        61        63        64        83        81        80
        63           1.3265777135170030E+01          2.5529999999999999E+00         1         6        64        65        61        62        42        44
        64           1.5476739991031701E+01          3.8294999999999999E+00         1         6        63        65        66        85        83        62
        65           1.3265777135170030E+01          5.1059999999999999E+00         1         6        66        67        63        64        44        46
        66           1.5476739991031701E+01          6.3825000000000003E+00         1         6        65        67        68        87        85        64
        67           1.3265777135170030E+01          7.6589999999999998E+00         1         6        68        69        65        66        46        48
        68           1.5476739991031701E+01          8.9354999999999993E+00         1         6        67        69        70        89        87        66
        69           1.3265777135170030E+01          1.0212000000000000E+01         1         6        70        71        67        68        48        50
        70           1.5476739991031701E+01          1.1488500000000000E+01         1         6        69        71        72        91        89        68
        71           1.3265777135170030E+01          1.2765000000000001E+01         1         6        72        73        69        70        50        52
        72           1.5476739991031701E+01          1.4041500000000001E+01         1         6        71        73        74        93        91        70
        73           1.3265777135170030E+01          1.5318000000000000E+01         1         6        74        75        71        72        52        54
        74           1.5476739991031701E+01          1.6594500000000000E+01         1         6        73        75        76        95        93        72
        75           1.3265777135170030E+01          1.7870999999999999E+01         1         6        76        77        73        74        54        56
        76           1.5476739991031701E+01          1.9147499999999997E+01         1         6        75        77        78        97        95        74
        77           1.3265777135170030E+01          2.0423999999999999E+01         1         6        78        79        75        76        56        58
        78           1.5476739991031701E+01          2.1700499999999998E+01         1         6        77        79        80        99        97        76
        79           1.3265777135170030E+01          2.2977000000000000E+01         1         6        80        61        77        78        58        60
        80           1.5476739991031701E+01          2.4253499999999999E+01         1         6        79        61        62        81        99        78
        81           1.7687702846893373E+01          0.0000000000000000E+00         1         6        82        83        99       100        80        62
        82           1.9898665702755046E+01          1.2765000000000000E+00         1         6        81        83        84         3         1       100
        83           1.7687702846893373E+01          2.5529999999999999E+00         1         6        84        85        81        82        62        64
        84           1.9898665702755046E+01          3.8294999999999999E+00         1         6        83        85        86         5         3        82
        85           1.7687702846893373E+01          5.1059999999999999E+00         1         6        86        87        83        84        64        66
        86           1.9898665702755046E+01          6.3825000000000003E+00         1         6        85        87        88         7         5        84
        87           1.7687702846893373E+01          7.6589999999999998E+00         1         6        88        89        85        86        66        68
        88           1.9898665702755046E+01          8.9354999999999993E+00         1         6        87        89        90         9         7        86
        89           1.7687702846893373E+01          1.0212000000000000E+01         1         6        90        91        87        88        68        70
        90           1.9898665702755046E+01          1.1488500000000000E+01         1         6        89        91        92        11         9        88
        91           1.7687702846893373E+01          1.2765000000000001E+01         1         6        92        93        89        90        70        72
        92           1.9898665702755046E+01          1.4041500000000001E+01         1         6        91        93        94        13        11        90
        93           1.7687702846893373E+01          1.5318000000000000E+01         1         6        94        95        91        92        72        74
        94           1.9898665702755046E+01          1.6594500000000000E+01         1         6        93        95        96        15        13        92
        95           1.7687702846893373E+01          1.7870999999999999E+01         1         6        96        97        93        94        74        76
        96           1.9898665702755046E+01          1.9147499999999997E+01         1         6        95        97        98        17        15        94
        97           1.7687702846893373E+01          2.0423999999999999E+01         1         6        98        99        95        96        76        78
        98           1.9898665702755046E+01          2.1700499999999998E+01         1         6        97        99       100        19        17        96
        99           1.7687702846893373E+01          2.2977000000000000E+01         1         6       100        81        97        98        78        80
       100           1.9898665702755046E+01          2.4253499999999999E+01         1         6        99        81        82         1        19        98
