                                                         Overall                                                CO_adsorption_fwd                                                CO_adsorption_rev
configuration                    1                    0         0.0000000000000000E+00
        0.0000000000000000E+00         0.0000000000000000E+00         0.0000000000000000E+00
                             0                              0                              0
configuration                    2                 1000         1.0320527086473274E-06
        1.0320527086473273E-09         1.9734701893880977E-09         9.0635227906559023E-11
                          1000                            500                            500
configuration                    3                 2000         1.9786455431775399E-06
        9.8932277158876992E-10         1.8855890805415034E-09         9.3056462636038508E-11
                          2000                           1000                           1000
configuration                    4                 3000         2.9211318003936438E-06
        9.7371060013121455E-10         1.8543346485948468E-09         9.3086551667579944E-11
                          3000                           1500                           1500
configuration                    5                 4000         3.9122230125369355E-06
        9.7805575313423379E-10         1.8630165303264109E-09         9.3094975942054643E-11
                          4000                           2000                           2000
configuration                    6                 5000         4.8875674532036411E-06
        9.7751349064072821E-10         1.8622668517573724E-09         9.2052043600819579E-11
                          5000                           2501                           2499
configuration                    7                 6000         5.8982715626552612E-06
        9.8304526044254350E-10         1.8723720792580856E-09         9.3718441627000383E-11
                          6000                           3000                           3000
configuration                    8                 7000         6.9189807792927719E-06
        9.8842582561325307E-10         1.8835009784439378E-09         9.3350672782563776E-11
                          7000                           3500                           3500
configuration                    9                 8000         7.9060779331966970E-06
        9.8825974164958709E-10         1.8831147286509775E-09         9.3404754648188654E-11
                          8000                           4000                           4000
configuration                   10                 9000         8.9749955162441664E-06
        9.9722172402712965E-10         1.9008156171524601E-09         9.3627830901788961E-11
                          9000                           4500                           4500
configuration                   11                10000         9.9303441868838141E-06
        9.9303441868838135E-10         1.8922940736268164E-09         9.3774763749938247E-11
                         10000                           5000                           5000
configuration                   12                11000         1.0973366202835210E-05
        9.9757874571229171E-10         1.9017962609661859E-09         9.3361230458394312E-11
                         11000                           5500                           5500
configuration                   13                12000         1.1992597795216872E-05
        9.9938314960140595E-10         1.9047006611550612E-09         9.4065638047745415E-11
                         12000                           6000                           6000
configuration                   14                13000         1.2972623350664730E-05
        9.9789410389728691E-10         1.9017353137908324E-09         9.4052894003739701E-11
                         13000                           6500                           6500
configuration                   15                14000         1.4022923153057910E-05
        1.0016373680755651E-09         1.9096819575039800E-09         9.3333300267546329E-11
                         14000                           7001                           6999
configuration                   16                15000         1.5054546240369006E-05
        1.0036364160246004E-09         1.9136157765102057E-09         9.3657055538995788E-11
                         15000                           7500                           7500
configuration                   17                16000         1.6056984027692270E-05
        1.0035615017307669E-09         1.9135968488019206E-09         9.3526154659617656E-11
                         16000                           8000                           8000
configuration                   18                17000         1.7070237326982066E-05
        1.0041316074695332E-09         1.9144262646348550E-09         9.3836950304214120E-11
                         17000                           8500                           8500
configuration                   19                18000         1.8023201169220103E-05
        1.0012889538455613E-09         1.9089038913756126E-09         9.3674016315514153E-11
                         18000                           9000                           9000
configuration                   20                19000         1.9027477260858982E-05
        1.0014461716241569E-09         1.9090761523700236E-09         9.3816190878295208E-11
                         19000                           9500                           9500
configuration                   21                20000         2.0061267993101858E-05
        1.0030633996550929E-09         1.9124574821170933E-09         9.3669317193100207E-11
                         20000                          10000                          10000
configuration                   22                21000         2.1085129424728590E-05
        1.0040537821299329E-09         1.9145838101587645E-09         9.3523754101108845E-11
                         21000                          10500                          10500
configuration                   23                22000         2.2100551371865535E-05
        1.0045705169029789E-09         1.9157071444953030E-09         9.3433889310660523E-11
                         22000                          11000                          11000
configuration                   24                23000         2.3067414886353630E-05
        1.0029310820153751E-09         1.9124648661809768E-09         9.3397297849780381E-11
                         23000                          11500                          11500
configuration                   25                24000         2.4068846808463720E-05
        1.0028686170193216E-09         1.9123524286208428E-09         9.3384805417799007E-11
                         24000                          12000                          12000
configuration                   26                25000         2.4976126559379895E-05
        9.9904506237519587E-10         1.9046712626035208E-09         9.3418862146869848E-11
                         25000                          12500                          12500
configuration                   27                26000         2.6020122449832519E-05
        1.0007739403781738E-09         1.9082673434893438E-09         9.3280537266999264E-11
                         26000                          13000                          13000
configuration                   28                27000         2.7019469585739596E-05
        1.0007210957681332E-09         1.9078348564312944E-09         9.3607335104965737E-11
                         27000                          13500                          13500
configuration                   29                28000         2.7922161817474281E-05
        9.9722006490979572E-10         1.9010004063017097E-09         9.3439723517875762E-11
                         28000                          14000                          14000
configuration                   30                29000         2.8961896888192213E-05
        9.9868609959283501E-10         1.9040036880634855E-09         9.3368511122176693E-11
                         29000                          14500                          14500
configuration                   31                30000         2.9983627907690910E-05
        9.9945426358969694E-10         1.9055662047690950E-09         9.3342322410296894E-11
                         30000                          15000                          15000
configuration                   32                31000         3.0971485654729233E-05
        9.9908018241062041E-10         1.9047588354078946E-09         9.3401529413343967E-11
                         31000                          15500                          15500
configuration                   33                32000         3.1885779168892788E-05
        9.9643059902789965E-10         1.8994833435295538E-09         9.3377854526239737E-11
                         32000                          16000                          16000
configuration                   34                33000         3.2872056765051413E-05
        9.9612293227428521E-10         1.8989387405593695E-09         9.3307123989194778E-11
                         33000                          16500                          16500
configuration                   35                34000         3.3916051914504107E-05
        9.9753093866188545E-10         1.9019471250770179E-09         9.3114752246744790E-11
                         34000                          17000                          17000
configuration                   36                35000         3.4909746972027764E-05
        9.9742134205793606E-10         1.9017031104239095E-09         9.3139573691953818E-11
                         35000                          17500                          17500
configuration                   37                36000         3.5794127017272578E-05
        9.9428130603534943E-10         1.8957873173422962E-09         9.2775294728396118E-11
                         36000                          18000                          18000
configuration                   38                37000         3.6815604582958301E-05
        9.9501634007995401E-10         1.8972984564644942E-09         9.2734223695402599E-11
                         37000                          18500                          18500
configuration                   39                38000         3.7830773824954312E-05
        9.9554667960406073E-10         1.8983344108962895E-09         9.2758948311816936E-11
                         38000                          19000                          19000
configuration                   40                39000         3.8833200496261526E-05
        9.9572308964773135E-10         1.8985063103051020E-09         9.2939868990342459E-11
                         39000                          19500                          19500
configuration                   41                40000         3.9875876323441262E-05
        9.9689690808603148E-10         1.9008528652647143E-09         9.2940950907331270E-11
                         40000                          20000                          20000
configuration                   42                41000         4.0943208464089040E-05
        9.9861484058753748E-10         1.9042371517273686E-09         9.2992529447695143E-11
                         41000                          20500                          20500
configuration                   43                42000         4.1949667960327567E-05
        9.9880161810303733E-10         1.9046476626884970E-09         9.2955573517563179E-11
                         42000                          21000                          21000
configuration                   44                43000         4.2973719031594454E-05
        9.9938881468824307E-10         1.9058157261146592E-09         9.2961903261815060E-11
                         43000                          21500                          21500
configuration                   45                44000         4.3953942866991674E-05
        9.9895324697708350E-10         1.9050457999982911E-09         9.2860693955866596E-11
                         44000                          22000                          22000
configuration                   46                45000         4.5002050828984028E-05
        1.0000455739774229E-09         1.9072801042067760E-09         9.2811043748057984E-11
                         45000                          22500                          22500
configuration                   47                46000         4.5930897985631074E-05
        9.9849778229632767E-10         1.9040987483935388E-09         9.2818064865036691E-11
                         46000                          23001                          22999
configuration                   48                47000         4.6958265926074706E-05
        9.9911204098031290E-10         1.9053115580824947E-09         9.2835397232973751E-11
                         47000                          23501                          23499
configuration                   49                48000         4.7926536829300239E-05
        9.9846951727708841E-10         1.9041380683008307E-09         9.2800966253334073E-11
                         48000                          24000                          24000
configuration                   50                49000         4.8951221053811553E-05
        9.9900451130227655E-10         1.9052847914575327E-09         9.2724231147001314E-11
                         49000                          24500                          24500
configuration                   51                50000         4.9890254141473781E-05
        9.9780508282947561E-10         1.9028448383929846E-09         9.2765327265949492E-11
                         50000                          25000                          25000
configuration                   52                51000         5.0833873974149412E-05
        9.9674262694410607E-10         1.9006977212534942E-09         9.2787532634702153E-11
                         51000                          25500                          25500
configuration                   53                52000         5.1795774213110276E-05
        9.9607258102135151E-10         1.8993464258877585E-09         9.2798736154931225E-11
                         52000                          26000                          26000
configuration                   54                53000         5.2905526914069393E-05
        9.9821748894470560E-10         1.9037150197494386E-09         9.2719958139954997E-11
                         53000                          26500                          26500
configuration                   55                54000         5.3861009781997598E-05
        9.9742610707402951E-10         1.9021375312860849E-09         9.2714682861955800E-11
                         54000                          27000                          27000
configuration                   56                55000         5.4865554665805965E-05
        9.9755553937829023E-10         1.9022839504528535E-09         9.2827128303711744E-11
                         55000                          27500                          27500
configuration                   57                56000         5.5847433549861901E-05
        9.9727559910467680E-10         1.9016430178096827E-09         9.2908180399654021E-11
                         56000                          28000                          28000
configuration                   58                57000         5.6915868356320910E-05
        9.9852400625124399E-10         1.9041318337396569E-09         9.2916178762809150E-11
                         57000                          28500                          28500
configuration                   59                58000         5.7955951364606597E-05
        9.9924054076907932E-10         1.9055168155052488E-09         9.2964266032889595E-11
                         58000                          29000                          29000
configuration                   60                59000         5.8942494297851943E-05
        9.9902532708223629E-10         1.9051475385101484E-09         9.2903115654299999E-11
                         59000                          29500                          29500
configuration                   61                60000         6.0022257258467393E-05
        1.0003709543077900E-09         1.9077932200504439E-09         9.2948688565113088E-11
                         60000                          30000                          30000
configuration                   62                61000         6.1079898827090409E-05
        1.0013098168375476E-09         1.9095463478033379E-09         9.3073285871737030E-11
                         61000                          30500                          30500
configuration                   63                62000         6.2058841121067051E-05
        1.0009490503397912E-09         1.9089165642644648E-09         9.2981536415099865E-11
                         62000                          31000                          31000
configuration                   64                63000         6.3051970794852035E-05
        1.0008249332516196E-09         1.9084654870555006E-09         9.3184379447722256E-11
                         63000                          31500                          31500
configuration                   65                64000         6.4065064060426455E-05
        1.0010166259441633E-09         1.9089039033329662E-09         9.3129348555342585E-11
                         64000                          32000                          32000
configuration                   66                65000         6.5084465004398514E-05
        1.0012994616061309E-09         1.9093196059843122E-09         9.3279317227930936E-11
                         65000                          32500                          32500
configuration                   67                66000         6.6101400136172822E-05
        1.0015363656995883E-09         1.9096969029147028E-09         9.3375828484455464E-11
                         66000                          33000                          33000
configuration                   68                67000         6.7018001013573883E-05
        1.0002686718443863E-09         1.9071721039383107E-09         9.3365239750444690E-11
                         67000                          33500                          33500
configuration                   69                68000         6.8047287062044851E-05
        1.0006953979712478E-09         1.9080509995351892E-09         9.3339796407289513E-11
                         68000                          34000                          34000
configuration                   70                69000         6.9010539653026616E-05
        1.0001527485945887E-09         1.9068133610572556E-09         9.3492136131900615E-11
                         69000                          34500                          34500
configuration                   71                70000         6.9955845778743581E-05
        9.9936922541062258E-10         1.9052831163213964E-09         9.3455334499830762E-11
                         70000                          35000                          35000
configuration                   72                71000         7.0862012972414877E-05
        9.9805652073823778E-10         1.9026527470536545E-09         9.3460294422803297E-11
                         71000                          35500                          35500
configuration                   73                72000         7.1878444200582802E-05
        9.9831172500809455E-10         1.9031687061125030E-09         9.3454743903666736E-11
                         72000                          36000                          36000
configuration                   74                73000         7.2886599697534747E-05
        9.9844657119910606E-10         1.9034520645280141E-09         9.3441077870185808E-11
                         73000                          36500                          36500
configuration                   75                74000         7.3834790622686513E-05
        9.9776744084711497E-10         1.9021173174163093E-09         9.3417564277912344E-11
                         74000                          37000                          37000
configuration                   76                75000         7.4827199347116187E-05
        9.9769599129488249E-10         1.9019822015255080E-09         9.3409781064251435E-11
                         75000                          37500                          37500
configuration                   77                76000         7.5794280564938184E-05
        9.9729316532813398E-10         1.9012262994778659E-09         9.3360031178391567E-11
                         76000                          38000                          38000
configuration                   78                77000         7.6820589744481263E-05
        9.9766999668157485E-10         1.9019153282804392E-09         9.3424665082696371E-11
                         77000                          38500                          38500
configuration                   79                78000         7.7744690374350006E-05
        9.9672679967115388E-10         1.8999676091651683E-09         9.3485990177126915E-11
                         78000                          39000                          39000
configuration                   80                79000         7.8762887762104337E-05
        9.9699857926714347E-10         1.9005427036188686E-09         9.3454454915404954E-11
                         79000                          39500                          39500
configuration                   81                80000         7.9832369669677943E-05
        9.9790462087097439E-10         1.9023764719582525E-09         9.3432769783683937E-11
                         80000                          40000                          40000
configuration                   82                81000         8.0777878299690615E-05
        9.9725775678630393E-10         1.9009427236774667E-09         9.3572789895130340E-11
                         81000                          40500                          40500
configuration                   83                82000         8.1797227043590352E-05
        9.9752715906817497E-10         1.9015104903175905E-09         9.3543827818749341E-11
                         82000                          41000                          41000
configuration                   84                83000         8.2732782472475790E-05
        9.9678051171657569E-10         1.9000603179843150E-09         9.3500705448829015E-11
                         83000                          41500                          41500
configuration                   85                84000         8.3778998273569585E-05
        9.9736902706630455E-10         1.9012030483309710E-09         9.3535005801635737E-11
                         84000                          42000                          42000
configuration                   86                85000         8.4745311319772942E-05
        9.9700366258556408E-10         1.9005067395932460E-09         9.3500585577883713E-11
                         85000                          42500                          42500
configuration                   87                86000         8.5812419775404579E-05
        9.9781883459772765E-10         1.9022033765337973E-09         9.3434292661667036E-11
                         86000                          43000                          43000
configuration                   88                87000         8.6884293101405265E-05
        9.9867003564833638E-10         1.9038967147601804E-09         9.3443356536497158E-11
                         87000                          43500                          43500
configuration                   89                88000         8.7830104734341484E-05
        9.9806937198115313E-10         1.9027127087154268E-09         9.3426035246882432E-11
                         88000                          44000                          44000
configuration                   90                89000         8.8825608902043415E-05
        9.9804054946116190E-10         1.9026653324088079E-09         9.3415766513518491E-11
                         89000                          44500                          44500
configuration                   91                90000         8.9786322974302139E-05
        9.9762581082557934E-10         1.9018651875639759E-09         9.3386434087183735E-11
                         90000                          45000                          45000
configuration                   92                91000         9.0750486140386298E-05
        9.9725808945479440E-10         1.9011185665919755E-09         9.3397612317615810E-11
                         91000                          45500                          45500
configuration                   93                92000         9.1667404194270354E-05
        9.9638482819859071E-10         1.8993529977205365E-09         9.3416658676644994E-11
                         92000                          46000                          46000
configuration                   94                93000         9.2716614348229527E-05
        9.9695284245408088E-10         1.9004951033338947E-09         9.3410581574268650E-11
                         93000                          46500                          46500
configuration                   95                94000         9.3721439132318920E-05
        9.9703658651403116E-10         1.9005879320846403E-09         9.3485240943420967E-11
                         94000                          47000                          47000
configuration                   96                95000         9.4753082282083550E-05
        9.9740086612719521E-10         1.9012135942418582E-09         9.3588138012534095E-11
                         95000                          47500                          47500
configuration                   97                96000         9.5737942906012568E-05
        9.9727023860429758E-10         1.9009330429301528E-09         9.3607434278448839E-11
                         96000                          48000                          48000
configuration                   98                97000         9.6725584445404066E-05
        9.9717097366395947E-10         1.9007987201522645E-09         9.3543227175666423E-11
                         97000                          48500                          48500
configuration                   99                98000         9.7694031593978414E-05
        9.9687787340794297E-10         1.9002397219954806E-09         9.3516024820417864E-11
                         98000                          49000                          49000
configuration                  100                99000         9.8715375389692725E-05
        9.9712500393629022E-10         1.9007969733389652E-09         9.3453034533626328E-11
                         99000                          49500                          49500
