                                                         Overall                                                CO_adsorption_fwd                                                CO_adsorption_rev
configuration                    1                    0         0.0000000000000000E+00
        0.0000000000000000E+00         0.0000000000000000E+00         0.0000000000000000E+00
                             0                              0                              0
configuration                    2                 1000         1.3073737168549024E-09
        1.3073737168549024E-12         5.3683666911976509E-15         2.7178795128655818E-12
                          1000                            520                            480
configuration                    3                 2000         2.5216574277864238E-09
        1.2608287138932119E-12         5.8618850132953256E-15         2.5670186786457765E-12
                          2000                           1020                            980
configuration                    4                 3000         3.8080033385581957E-09
        1.2693344461860652E-12         5.9078436500333778E-15         2.5669077136554977E-12
                          3000                           1520                           1480
configuration                    5                 4000         4.9806927989116302E-09
        1.2451731997279075E-12         5.9764846881181514E-15         2.5094041918392043E-12
                          4000                           2020                           1980
configuration                    6                 5000         6.2401419799529765E-09
        1.2480283959905954E-12         5.9428458264064032E-15         2.5101475840606545E-12
                          5000                           2520                           2480
configuration                    7                 6000         7.6116216956658937E-09
        1.2686036159443156E-12         6.0495830294708552E-15         2.5481046828580158E-12
                          6000                           3020                           2980
configuration                    8                 7000         8.8116873382770245E-09
        1.2588124768967179E-12         6.0180190712210605E-15         2.5260068710190571E-12
                          7000                           3520                           3480
configuration                    9                 8000         1.0047635395345054E-08
        1.2559544244181318E-12         6.0019291114164536E-15         2.5184692563610894E-12
                          8000                           4020                           3980
configuration                   10                 9000         1.1379454979751454E-08
        1.2643838866390505E-12         6.0089093303611738E-15         2.5339943548165591E-12
                          9000                           4520                           4480
configuration                   11                10000         1.2657713814603450E-08
        1.2657713814603450E-12         6.0226452972856813E-15         2.5356385813676778E-12
                         10000                           5020                           4980
configuration                   12                11000         1.3926651452396814E-08
        1.2660592229451649E-12         6.0114364690838883E-15         2.5353044385196011E-12
                         11000                           5520                           5480
configuration                   13                12000         1.5227099545962398E-08
        1.2689249621635332E-12         6.0589425333140979E-15         2.5402382461390964E-12
                         12000                           6020                           5980
configuration                   14                13000         1.6405640430884677E-08
        1.2619723408372829E-12         6.0519225723514045E-15         2.5256453542766825E-12
                         13000                           6520                           6480
configuration                   15                14000         1.7631850009693680E-08
        1.2594178578352628E-12         6.0118869399302983E-15         2.5200066709706768E-12
                         14000                           7020                           6980
configuration                   16                15000         1.9067364320712500E-08
        1.2711576213808332E-12         6.0263884178713211E-15         2.5430542620066887E-12
                         15000                           7520                           7480
configuration                   17                16000         2.0397971461406999E-08
        1.2748732163379375E-12         6.0273709855287086E-15         2.5500791912409784E-12
                         16000                           8020                           7980
configuration                   18                17000         2.1748021048798144E-08
        1.2792953558116556E-12         6.0560035277559376E-15         2.5585405540968891E-12
                         17000                           8520                           8480
configuration                   19                18000         2.2963840075468953E-08
        1.2757688930816085E-12         6.0426959735036098E-15         2.5511508861679167E-12
                         18000                           9020                           8980
configuration                   20                19000         2.4281186899363927E-08
        1.2779572052296803E-12         6.0446830302336942E-15         2.5552364469320694E-12
                         19000                           9520                           9480
configuration                   21                20000         2.5571898556588158E-08
        1.2785949278294080E-12         6.0409758927063725E-15         2.5562492964071331E-12
                         20000                          10020                           9980
configuration                   22                21000         2.6907083055539514E-08
        1.2812896693114055E-12         6.0316833512343879E-15         2.5614150521645537E-12
                         21000                          10520                          10480
configuration                   23                22000         2.8105691245181043E-08
        1.2775314202355020E-12         6.0221641616614105E-15         2.5536727683168992E-12
                         22000                          11020                          10980
configuration                   24                23000         2.9327262512468740E-08
        1.2750983701073365E-12         6.0256731749690382E-15         2.5485929231265747E-12
                         23000                          11520                          11480
configuration                   25                24000         3.0553350186001885E-08
        1.2730562577500786E-12         6.0328199117857784E-15         2.5443101578182112E-12
                         24000                          12020                          11980
configuration                   26                25000         3.1726723449551187E-08
        1.2690689379820475E-12         6.0368436625976044E-15         2.5361492120909792E-12
                         25000                          12520                          12480
configuration                   27                26000         3.2991871214517781E-08
        1.2689181236352993E-12         6.0221893200295762E-15         2.5357058790116312E-12
                         26000                          13020                          12980
configuration                   28                27000         3.4291735399913356E-08
        1.2700642740708651E-12         6.0389688135482315E-15         2.5378403962577233E-12
                         27000                          13520                          13480
configuration                   29                28000         3.5493962831039868E-08
        1.2676415296799954E-12         6.0284730715648864E-15         2.5328643518294992E-12
                         28000                          14020                          13980
configuration                   30                29000         3.6759568312740083E-08
        1.2675713211289684E-12         6.0285698722098843E-15         2.5325989971129460E-12
                         29000                          14520                          14480
configuration                   31                30000         3.8117699342197821E-08
        1.2705899780732606E-12         6.0294811331699469E-15         2.5385271385565734E-12
                         30000                          15020                          14980
configuration                   32                31000         3.9371747652654389E-08
        1.2700563758920770E-12         6.0394923227616350E-15         2.5373394529589768E-12
                         31000                          15520                          15480
configuration                   33                32000         4.0595766209125208E-08
        1.2686176940351628E-12         6.0393259086047601E-15         2.5343564585775480E-12
                         32000                          16020                          15980
configuration                   34                33000         4.1863289510122421E-08
        1.2685845306097703E-12         6.0401076622571447E-15         2.5341933817683097E-12
                         33000                          16520                          16480
configuration                   35                34000         4.3203267743760767E-08
        1.2706843454047284E-12         6.0299186621849682E-15         2.5383179345188565E-12
                         34000                          17020                          16980
configuration                   36                35000         4.4447839073134023E-08
        1.2699382592324006E-12         6.0285788492416688E-15         2.5367401814470898E-12
                         35000                          17520                          17480
configuration                   37                36000         4.5630608968718542E-08
        1.2675169157977373E-12         6.0075945573373793E-15         2.5318327093879402E-12
                         36000                          18020                          17980
configuration                   38                37000         4.6913194646607363E-08
        1.2679241796380369E-12         6.0035623597550228E-15         2.5325762268238379E-12
                         37000                          18520                          18480
configuration                   39                38000         4.8209944101656350E-08
        1.2686827395172723E-12         6.0063286080567399E-15         2.5340202176781307E-12
                         38000                          19020                          18980
configuration                   40                39000         4.9489427154857245E-08
        1.2689596706373653E-12         6.0200005170764648E-15         2.5344926460351007E-12
                         39000                          19520                          19480
configuration                   41                40000         5.0824466933203292E-08
        1.2706116733300822E-12         6.0205738760354857E-15         2.5377344866969394E-12
                         40000                          20020                          19980
configuration                   42                41000         5.2100590780084832E-08
        1.2707461165874350E-12         6.0247393425632468E-15         2.5379376527722302E-12
                         41000                          20520                          20480
configuration                   43                42000         5.3378195950093043E-08
        1.2709094273831677E-12         6.0233623781111724E-15         2.5382070959439961E-12
                         42000                          21020                          20980
configuration                   44                43000         5.4750443449495050E-08
        1.2732661267324430E-12         6.0249095493668843E-15         2.5428671972063555E-12
                         43000                          21520                          21480
configuration                   45                44000         5.5988753255491094E-08
        1.2724716648975249E-12         6.0212676756641907E-15         2.5412267944164152E-12
                         44000                          22020                          21980
configuration                   46                45000         5.7332933778577091E-08
        1.2740651950794910E-12         6.0197686925239848E-15         2.5443669300543258E-12
                         45000                          22520                          22480
configuration                   47                46000         5.8619699640787834E-08
        1.2743412965388660E-12         6.0166974292827257E-15         2.5448735973004992E-12
                         46000                          23020                          22980
configuration                   48                47000         5.9958536713083844E-08
        1.2757135470868903E-12         6.0212520713441340E-15         2.5475688613443572E-12
                         47000                          23520                          23480
configuration                   49                48000         6.1147003822802335E-08
        1.2738959129750486E-12         6.0255308728868126E-15         2.5438811747804507E-12
                         48000                          24020                          23980
configuration                   50                49000         6.2496129735271606E-08
        1.2754312190871757E-12         6.0210990221500855E-15         2.5469155386947760E-12
                         49000                          24520                          24480
configuration                   51                50000         6.3678014156056683E-08
        1.2735602831211337E-12         6.0224874839162931E-15         2.5431277629787326E-12
                         50000                          25020                          24980
configuration                   52                51000         6.4896988347131755E-08
        1.2724899675908188E-12         6.0280089805216699E-15         2.5409400925411463E-12
                         51000                          25520                          25480
configuration                   53                52000         6.6167995720761506E-08
        1.2724614561684904E-12         6.0254200561754800E-15         2.5408473553079070E-12
                         52000                          26020                          25980
configuration                   54                53000         6.7548266819782047E-08
        1.2744956003732462E-12         6.0226153933725169E-15         2.5448847076869125E-12
                         53000                          26520                          26480
configuration                   55                54000         6.8722516760773736E-08
        1.2726391992735877E-12         6.0209429872054080E-15         2.5411353180600136E-12
                         54000                          27020                          26980
configuration                   56                55000         6.9974441964178252E-08
        1.2722625811668774E-12         6.0277818948018428E-15         2.5403405169735466E-12
                         55000                          27520                          27480
configuration                   57                56000         7.1250889770103696E-08
        1.2723373173232803E-12         6.0327676885294639E-15         2.5404521665286226E-12
                         56000                          28020                          27980
configuration                   58                57000         7.2585459584677682E-08
        1.2734291155206611E-12         6.0305492110142317E-15         2.5426077359964677E-12
                         57000                          28520                          28480
configuration                   59                58000         7.3978710596442522E-08
        1.2754950102834917E-12         6.0301300527765403E-15         2.5467120849658653E-12
                         58000                          29020                          28980
configuration                   60                59000         7.5195661312610792E-08
        1.2745027341120474E-12         6.0276749469383088E-15         2.5446989263289348E-12
                         59000                          29520                          29480
configuration                   61                60000         7.6543502735187931E-08
        1.2757250455864656E-12         6.0278204961287196E-15         2.5471163296829191E-12
                         60000                          30020                          29980
configuration                   62                61000         7.7858088760924408E-08
        1.2763621108348263E-12         6.0342579945353971E-15         2.5483570605948497E-12
                         61000                          30520                          30480
configuration                   63                62000         7.9232324876759186E-08
        1.2779407238186965E-12         6.0297201613969319E-15         2.5514939624710272E-12
                         62000                          31020                          30980
configuration                   64                63000         8.0497559551227428E-08
        1.2777390404956734E-12         6.0428097306297146E-15         2.5510511495717187E-12
                         63000                          31520                          31480
configuration                   65                64000         8.1817746159432383E-08
        1.2784022837411309E-12         6.0396690050683327E-15         2.5523563464005568E-12
                         64000                          32020                          31980
configuration                   66                65000         8.3130752291002039E-08
        1.2789346506308007E-12         6.0486642280412418E-15         2.5533882306128644E-12
                         65000                          32520                          32480
configuration                   67                66000         8.4402437946180007E-08
        1.2788248173663637E-12         6.0566451333074339E-15         2.5531366744656755E-12
                         66000                          33020                          32980
configuration                   68                67000         8.5662461809730617E-08
        1.2785442061153823E-12         6.0566269741576225E-15         2.5525520810500810E-12
                         67000                          33520                          33480
configuration                   69                68000         8.6925204239926044E-08
        1.2783118270577358E-12         6.0543871936341188E-15         2.5520669213536932E-12
                         68000                          34020                          33980
configuration                   70                69000         8.8081432942027294E-08
        1.2765425064061927E-12         6.0603396423930082E-15         2.5484985503936187E-12
                         69000                          34520                          34480
configuration                   71                70000         8.9267222349649191E-08
        1.2752460335664171E-12         6.0577610935721719E-15         2.5458856362536372E-12
                         70000                          35020                          34980
configuration                   72                71000         9.0507396084466349E-08
        1.2747520575276951E-12         6.0580935682347722E-15         2.5448763416269049E-12
                         71000                          35520                          35480
configuration                   73                72000         9.1870731438414466E-08
        1.2759823810890899E-12         6.0589022360044561E-15         2.5473176703689142E-12
                         72000                          36020                          35980
configuration                   74                73000         9.3206834224444648E-08
        1.2768059482800637E-12         6.0598304082314729E-15         2.5489454281232459E-12
                         73000                          36520                          36480
configuration                   75                74000         9.4415088869351541E-08
        1.2758795793155614E-12         6.0616923845448798E-15         2.5470709847830095E-12
                         74000                          37020                          36980
configuration                   76                75000         9.5755706959332304E-08
        1.2767427594577641E-12         6.0633210978781139E-15         2.5487783124797206E-12
                         75000                          37520                          37480
configuration                   77                76000         9.7004136085043263E-08
        1.2763702116453060E-12         6.0627372897125400E-15         2.5480155559054332E-12
                         76000                          38020                          37980
configuration                   78                77000         9.8266212825727782E-08
        1.2761845821523088E-12         6.0661303248230890E-15         2.5476233234307579E-12
                         77000                          38520                          38480
configuration                   79                78000         9.9494688378000680E-08
        1.2755729279230857E-12         6.0690746044161086E-15         2.5463795045391597E-12
                         78000                          39020                          38980
configuration                   80                79000         1.0075131700856750E-07
        1.2753331266907279E-12         6.0687221026691757E-15         2.5458835134516285E-12
                         79000                          39520                          39480
configuration                   81                80000         1.0201442389271772E-07
        1.2751802986589716E-12         6.0661622391179087E-15         2.5455641840897596E-12
                         80000                          40020                          39980
configuration                   82                81000         1.0314738210428114E-07
        1.2734244704232240E-12         6.0747706748640286E-15         2.5420264920092885E-12
                         81000                          40520                          40480
configuration                   83                82000         1.0442353129484937E-07
        1.2734576987176752E-12         6.0751948673437625E-15         2.5420772767542999E-12
                         82000                          41020                          40980
configuration                   84                83000         1.0565066808697683E-07
        1.2728996155057451E-12         6.0719414056083959E-15         2.5409489170640346E-12
                         83000                          41520                          41480
configuration                   85                84000         1.0697077896930904E-07
        1.2734616543965361E-12         6.0758320266501830E-15         2.5420550859349514E-12
                         84000                          42020                          41980
configuration                   86                85000         1.0822112031460787E-07
        1.2731896507600927E-12         6.0735888046033161E-15         2.5414988540168595E-12
                         85000                          42520                          42480
configuration                   87                86000         1.0952932850068293E-07
        1.2735968430311970E-12         6.0677745228130365E-15         2.5423055570198179E-12
                         86000                          43020                          42980
configuration                   88                87000         1.1086377084144322E-07
        1.2742962165683129E-12         6.0678850119087012E-15         2.5436912715208242E-12
                         87000                          43520                          43480
configuration                   89                88000         1.1204656418106940E-07
        1.2732564111485160E-12         6.0672299178085198E-15         2.5415981064140050E-12
                         88000                          44020                          43980
configuration                   90                89000         1.1328086544791079E-07
        1.2728187128978740E-12         6.0664451149276101E-15         2.5407101463892723E-12
                         89000                          44520                          44480
configuration                   91                90000         1.1446919433970452E-07
        1.2718799371078279E-12         6.0650223128704286E-15         2.5388205210133289E-12
                         90000                          45020                          44980
configuration                   92                91000         1.1572107103488436E-07
        1.2716601212624655E-12         6.0635271878502040E-15         2.5383698170029452E-12
                         91000                          45520                          45480
configuration                   93                92000         1.1691314243500795E-07
        1.2707950264674777E-12         6.0630283779409836E-15         2.5366272698794167E-12
                         92000                          46020                          45980
configuration                   94                93000         1.1824710347070346E-07
        1.2714742308677792E-12         6.0656230039137515E-15         2.5379718306489212E-12
                         93000                          46520                          46480
configuration                   95                94000         1.1949691106068287E-07
        1.2712437346881155E-12         6.0682451172248868E-15         2.5374964277409817E-12
                         94000                          47020                          46980
configuration                   96                95000         1.2079955809069275E-07
        1.2715742956915026E-12         6.0737788240303031E-15         2.5381409461030985E-12
                         95000                          47520                          47480
configuration                   97                96000         1.2213282943344903E-07
        1.2722169732650942E-12         6.0744487590210072E-15         2.5394150563576759E-12
                         96000                          48020                          47980
configuration                   98                97000         1.2335913872240342E-07
        1.2717436981691073E-12         6.0712252385884517E-15         2.5384604553182208E-12
                         97000                          48520                          48480
configuration                   99                98000         1.2455546503121725E-07
        1.2709741329716045E-12         6.0683210512313817E-15         2.5369129426967364E-12
                         98000                          49020                          48980
configuration                  100                99000         1.2582505188441543E-07
        1.2709601200446002E-12         6.0671909125719158E-15         2.5368755980279924E-12
                         99000                          49520                          49480
